2.500000000000000000e+02,2.946500000000000000e+03,3.811750000000000000e+03,3.107125000000000000e+03,2.879625000000000000e+03,2.999125000000000000e+03,3.386062500000000000e+03,3.136000000000000000e+03,2.925062500000000000e+03,3.170812500000000000e+03,2.958875000000000000e+03,2.808250000000000000e+03,2.775562500000000000e+03
2.510000000000000000e+02,2.956687500000000000e+03,3.812687500000000000e+03,3.097562500000000000e+03,2.876125000000000000e+03,2.996750000000000000e+03,3.385125000000000000e+03,3.125062500000000000e+03,2.929937500000000000e+03,3.177812500000000000e+03,2.955562500000000000e+03,2.805625000000000000e+03,2.776437500000000000e+03
2.520000000000000000e+02,2.764500000000000000e+03,3.351437500000000000e+03,2.864625000000000000e+03,2.713750000000000000e+03,2.797937500000000000e+03,3.063187500000000000e+03,2.877562500000000000e+03,2.752187500000000000e+03,2.931562500000000000e+03,2.770000000000000000e+03,2.667187500000000000e+03,2.649875000000000000e+03
2.530000000000000000e+02,2.876312500000000000e+03,3.652375000000000000e+03,3.005625000000000000e+03,2.810375000000000000e+03,2.920250000000000000e+03,3.259500000000000000e+03,3.010375000000000000e+03,2.851750000000000000e+03,3.097687500000000000e+03,2.872812500000000000e+03,2.742375000000000000e+03,2.719250000000000000e+03
2.540000000000000000e+02,2.953500000000000000e+03,3.834187500000000000e+03,3.091812500000000000e+03,2.876250000000000000e+03,2.993937500000000000e+03,3.387812500000000000e+03,3.098250000000000000e+03,2.935812500000000000e+03,3.209750000000000000e+03,2.943125000000000000e+03,2.794750000000000000e+03,2.767875000000000000e+03
2.550000000000000000e+02,2.954375000000000000e+03,3.832250000000000000e+03,3.096187500000000000e+03,2.872875000000000000e+03,3.001562500000000000e+03,3.382500000000000000e+03,3.092437500000000000e+03,2.935750000000000000e+03,3.221250000000000000e+03,2.945750000000000000e+03,2.793562500000000000e+03,2.772687500000000000e+03
2.560000000000000000e+02,2.960687500000000000e+03,3.831812500000000000e+03,3.092875000000000000e+03,2.874000000000000000e+03,2.993437500000000000e+03,3.391437500000000000e+03,3.088500000000000000e+03,2.936125000000000000e+03,3.228937500000000000e+03,2.938062500000000000e+03,2.789437500000000000e+03,2.769875000000000000e+03
2.570000000000000000e+02,2.665937500000000000e+03,3.085625000000000000e+03,2.736812500000000000e+03,2.628687500000000000e+03,2.686312500000000000e+03,2.878000000000000000e+03,2.729125000000000000e+03,2.660375000000000000e+03,2.811375000000000000e+03,2.656812500000000000e+03,2.588437500000000000e+03,2.581062500000000000e+03
2.580000000000000000e+02,2.913062500000000000e+03,3.699812500000000000e+03,3.037812500000000000e+03,2.819687500000000000e+03,2.938437500000000000e+03,3.303437500000000000e+03,3.014625000000000000e+03,2.881562500000000000e+03,3.163937500000000000e+03,2.885062500000000000e+03,2.745562500000000000e+03,2.728625000000000000e+03
2.590000000000000000e+02,2.960812500000000000e+03,3.849187500000000000e+03,3.112687500000000000e+03,2.869937500000000000e+03,2.996375000000000000e+03,3.413437500000000000e+03,3.086062500000000000e+03,2.948375000000000000e+03,3.256000000000000000e+03,2.929562500000000000e+03,2.782625000000000000e+03,2.759250000000000000e+03
2.600000000000000000e+02,2.830562500000000000e+03,3.494125000000000000e+03,2.941687500000000000e+03,2.756000000000000000e+03,2.849750000000000000e+03,3.170375000000000000e+03,2.904062500000000000e+03,2.815687500000000000e+03,3.061437500000000000e+03,2.804500000000000000e+03,2.692375000000000000e+03,2.680062500000000000e+03
2.610000000000000000e+02,2.607812500000000000e+03,2.936000000000000000e+03,2.665187500000000000e+03,2.572187500000000000e+03,2.617562500000000000e+03,2.779875000000000000e+03,2.643562500000000000e+03,2.603750000000000000e+03,2.718437500000000000e+03,2.590562500000000000e+03,2.543187500000000000e+03,2.538500000000000000e+03
2.620000000000000000e+02,2.868812500000000000e+03,3.580312500000000000e+03,2.998000000000000000e+03,2.785625000000000000e+03,2.885125000000000000e+03,3.243187500000000000e+03,2.938562500000000000e+03,2.849000000000000000e+03,3.108437500000000000e+03,2.824750000000000000e+03,2.703000000000000000e+03,2.699375000000000000e+03
2.630000000000000000e+02,2.977375000000000000e+03,3.841625000000000000e+03,3.137312500000000000e+03,2.862125000000000000e+03,2.985937500000000000e+03,3.429937500000000000e+03,3.046312500000000000e+03,2.948687500000000000e+03,3.278875000000000000e+03,2.909875000000000000e+03,2.767062500000000000e+03,2.755375000000000000e+03
2.640000000000000000e+02,2.982250000000000000e+03,3.852000000000000000e+03,3.156000000000000000e+03,2.863625000000000000e+03,2.983187500000000000e+03,3.436437500000000000e+03,3.051812500000000000e+03,2.952562500000000000e+03,3.287187500000000000e+03,2.907187500000000000e+03,2.768937500000000000e+03,2.761437500000000000e+03
2.650000000000000000e+02,2.982812500000000000e+03,3.838562500000000000e+03,3.166562500000000000e+03,2.861437500000000000e+03,2.977812500000000000e+03,3.437937500000000000e+03,3.037937500000000000e+03,2.950187500000000000e+03,3.293062500000000000e+03,2.899312500000000000e+03,2.760687500000000000e+03,2.748500000000000000e+03
2.660000000000000000e+02,2.991625000000000000e+03,3.841125000000000000e+03,3.172500000000000000e+03,2.859250000000000000e+03,2.985312500000000000e+03,3.433687500000000000e+03,3.038437500000000000e+03,2.950812500000000000e+03,3.307875000000000000e+03,2.899500000000000000e+03,2.757437500000000000e+03,2.746312500000000000e+03
2.670000000000000000e+02,2.881687500000000000e+03,3.559312500000000000e+03,3.036250000000000000e+03,2.775250000000000000e+03,2.874250000000000000e+03,3.234687500000000000e+03,2.923625000000000000e+03,2.853250000000000000e+03,3.147062500000000000e+03,2.799562500000000000e+03,2.693937500000000000e+03,2.689312500000000000e+03
2.680000000000000000e+02,2.991187500000000000e+03,3.844750000000000000e+03,3.198562500000000000e+03,2.871312500000000000e+03,2.988500000000000000e+03,3.434125000000000000e+03,3.039812500000000000e+03,2.960062500000000000e+03,3.328812500000000000e+03,2.886125000000000000e+03,2.756937500000000000e+03,2.751500000000000000e+03
2.690000000000000000e+02,2.993687500000000000e+03,3.825750000000000000e+03,3.192437500000000000e+03,2.856312500000000000e+03,2.981562500000000000e+03,3.421812500000000000e+03,3.029187500000000000e+03,2.956000000000000000e+03,3.325562500000000000e+03,2.881750000000000000e+03,2.753500000000000000e+03,2.745187500000000000e+03
2.700000000000000000e+02,3.002500000000000000e+03,3.836687500000000000e+03,3.206500000000000000e+03,2.863500000000000000e+03,2.992750000000000000e+03,3.433000000000000000e+03,3.031937500000000000e+03,2.963875000000000000e+03,3.348437500000000000e+03,2.872187500000000000e+03,2.755687500000000000e+03,2.752250000000000000e+03
2.710000000000000000e+02,2.978250000000000000e+03,3.825812500000000000e+03,3.184437500000000000e+03,2.840187500000000000e+03,2.957750000000000000e+03,3.421250000000000000e+03,3.000187500000000000e+03,2.934750000000000000e+03,3.328937500000000000e+03,2.842625000000000000e+03,2.724875000000000000e+03,2.718750000000000000e+03
2.720000000000000000e+02,3.017750000000000000e+03,3.869312500000000000e+03,3.228812500000000000e+03,2.880812500000000000e+03,2.994187500000000000e+03,3.457000000000000000e+03,3.029812500000000000e+03,2.974500000000000000e+03,3.382562500000000000e+03,2.877500000000000000e+03,2.755875000000000000e+03,2.756312500000000000e+03
2.730000000000000000e+02,3.009375000000000000e+03,3.864187500000000000e+03,3.232437500000000000e+03,2.864500000000000000e+03,2.976250000000000000e+03,3.452812500000000000e+03,3.022937500000000000e+03,2.964687500000000000e+03,3.372687500000000000e+03,2.852437500000000000e+03,2.743875000000000000e+03,2.733187500000000000e+03
2.740000000000000000e+02,3.022375000000000000e+03,3.894625000000000000e+03,3.252875000000000000e+03,2.880687500000000000e+03,2.998625000000000000e+03,3.461375000000000000e+03,3.019687500000000000e+03,2.985375000000000000e+03,3.393437500000000000e+03,2.864125000000000000e+03,2.750000000000000000e+03,2.749750000000000000e+03
2.750000000000000000e+02,3.025000000000000000e+03,3.898875000000000000e+03,3.265125000000000000e+03,2.881000000000000000e+03,2.992500000000000000e+03,3.473875000000000000e+03,3.019125000000000000e+03,2.981125000000000000e+03,3.401875000000000000e+03,2.855812500000000000e+03,2.746062500000000000e+03,2.740500000000000000e+03
2.760000000000000000e+02,3.039875000000000000e+03,3.925937500000000000e+03,3.290625000000000000e+03,2.879875000000000000e+03,3.000437500000000000e+03,3.478312500000000000e+03,3.002187500000000000e+03,2.991375000000000000e+03,3.411000000000000000e+03,2.848375000000000000e+03,2.749437500000000000e+03,2.743750000000000000e+03
2.770000000000000000e+02,3.052062500000000000e+03,3.942875000000000000e+03,3.303187500000000000e+03,2.885312500000000000e+03,3.012687500000000000e+03,3.479625000000000000e+03,3.001375000000000000e+03,2.995625000000000000e+03,3.427750000000000000e+03,2.849437500000000000e+03,2.750187500000000000e+03,2.741875000000000000e+03
2.780000000000000000e+02,3.055562500000000000e+03,3.978562500000000000e+03,3.314000000000000000e+03,2.892375000000000000e+03,3.010687500000000000e+03,3.482812500000000000e+03,2.989062500000000000e+03,2.999062500000000000e+03,3.429375000000000000e+03,2.844375000000000000e+03,2.751375000000000000e+03,2.733062500000000000e+03
2.790000000000000000e+02,3.059625000000000000e+03,4.024187500000000000e+03,3.338250000000000000e+03,2.890437500000000000e+03,3.020562500000000000e+03,3.466250000000000000e+03,2.989750000000000000e+03,3.002125000000000000e+03,3.441687500000000000e+03,2.854375000000000000e+03,2.746437500000000000e+03,2.734812500000000000e+03
2.800000000000000000e+02,3.061937500000000000e+03,4.094500000000000000e+03,3.375187500000000000e+03,2.903312500000000000e+03,3.032875000000000000e+03,3.460937500000000000e+03,2.983812500000000000e+03,3.008250000000000000e+03,3.440062500000000000e+03,2.857437500000000000e+03,2.747250000000000000e+03,2.733187500000000000e+03
2.810000000000000000e+02,3.046562500000000000e+03,4.188562500000000000e+03,3.408625000000000000e+03,2.927375000000000000e+03,3.015000000000000000e+03,3.500312500000000000e+03,3.003250000000000000e+03,3.009625000000000000e+03,3.421687500000000000e+03,2.871437500000000000e+03,2.758937500000000000e+03,2.724062500000000000e+03
2.820000000000000000e+02,3.019812500000000000e+03,4.210250000000000000e+03,3.430312500000000000e+03,2.933875000000000000e+03,2.985125000000000000e+03,3.559625000000000000e+03,3.040625000000000000e+03,3.000000000000000000e+03,3.380500000000000000e+03,2.889812500000000000e+03,2.747000000000000000e+03,2.710250000000000000e+03
2.830000000000000000e+02,3.021250000000000000e+03,4.194250000000000000e+03,3.451875000000000000e+03,2.981812500000000000e+03,2.991375000000000000e+03,3.592437500000000000e+03,3.126812500000000000e+03,3.008250000000000000e+03,3.331750000000000000e+03,2.959687500000000000e+03,2.746562500000000000e+03,2.712937500000000000e+03
2.840000000000000000e+02,2.920375000000000000e+03,3.936562500000000000e+03,3.528750000000000000e+03,3.146812500000000000e+03,2.972500000000000000e+03,3.345875000000000000e+03,3.387000000000000000e+03,2.984437500000000000e+03,3.161250000000000000e+03,3.155812500000000000e+03,2.762812500000000000e+03,2.731125000000000000e+03
2.850000000000000000e+02,2.831000000000000000e+03,3.505125000000000000e+03,3.741187500000000000e+03,3.368437500000000000e+03,2.947312500000000000e+03,3.208312500000000000e+03,3.681062500000000000e+03,2.909500000000000000e+03,3.049562500000000000e+03,3.418187500000000000e+03,2.751375000000000000e+03,2.714375000000000000e+03
2.860000000000000000e+02,2.784875000000000000e+03,3.202187500000000000e+03,4.068687500000000000e+03,3.501812500000000000e+03,2.990687500000000000e+03,3.156875000000000000e+03,3.965187500000000000e+03,2.970875000000000000e+03,3.008812500000000000e+03,3.532937500000000000e+03,2.768875000000000000e+03,2.718375000000000000e+03
2.870000000000000000e+02,2.779125000000000000e+03,3.090937500000000000e+03,4.131062500000000000e+03,3.654437500000000000e+03,3.024875000000000000e+03,3.126812500000000000e+03,4.025062500000000000e+03,3.235437500000000000e+03,2.973750000000000000e+03,3.551000000000000000e+03,2.833312500000000000e+03,2.727187500000000000e+03
2.880000000000000000e+02,2.755312500000000000e+03,3.008375000000000000e+03,3.970437500000000000e+03,3.730937500000000000e+03,3.057000000000000000e+03,3.068500000000000000e+03,4.054000000000000000e+03,3.623375000000000000e+03,2.937250000000000000e+03,3.459937500000000000e+03,2.942937500000000000e+03,2.710937500000000000e+03
2.890000000000000000e+02,2.745812500000000000e+03,2.973562500000000000e+03,3.857812500000000000e+03,3.740062500000000000e+03,3.081500000000000000e+03,3.053500000000000000e+03,4.030187500000000000e+03,3.776125000000000000e+03,2.946250000000000000e+03,3.426562500000000000e+03,2.992812500000000000e+03,2.705812500000000000e+03
2.900000000000000000e+02,2.747937500000000000e+03,2.942250000000000000e+03,3.792125000000000000e+03,3.744625000000000000e+03,3.092625000000000000e+03,3.053875000000000000e+03,3.967562500000000000e+03,3.882000000000000000e+03,2.961437500000000000e+03,3.407562500000000000e+03,3.017812500000000000e+03,2.701625000000000000e+03
2.910000000000000000e+02,2.748625000000000000e+03,2.929250000000000000e+03,3.750875000000000000e+03,3.735125000000000000e+03,3.098437500000000000e+03,3.046875000000000000e+03,3.918062500000000000e+03,3.965937500000000000e+03,2.973187500000000000e+03,3.406125000000000000e+03,3.029250000000000000e+03,2.700812500000000000e+03
2.920000000000000000e+02,2.745875000000000000e+03,2.917937500000000000e+03,3.730000000000000000e+03,3.717687500000000000e+03,3.083500000000000000e+03,3.034000000000000000e+03,3.913250000000000000e+03,4.096437500000000000e+03,2.981000000000000000e+03,3.432437500000000000e+03,3.031812500000000000e+03,2.692625000000000000e+03
2.930000000000000000e+02,2.739250000000000000e+03,2.899750000000000000e+03,3.724875000000000000e+03,3.709875000000000000e+03,3.059437500000000000e+03,3.013562500000000000e+03,3.888500000000000000e+03,4.240125000000000000e+03,2.989875000000000000e+03,3.443437500000000000e+03,3.038500000000000000e+03,2.675812500000000000e+03
2.940000000000000000e+02,2.749687500000000000e+03,2.904312500000000000e+03,3.730625000000000000e+03,3.706750000000000000e+03,3.061500000000000000e+03,3.006312500000000000e+03,3.890750000000000000e+03,4.312437500000000000e+03,3.000875000000000000e+03,3.470562500000000000e+03,3.056500000000000000e+03,2.678625000000000000e+03
2.950000000000000000e+02,2.749000000000000000e+03,2.906125000000000000e+03,3.735812500000000000e+03,3.691500000000000000e+03,3.064437500000000000e+03,3.001062500000000000e+03,3.875812500000000000e+03,4.368312500000000000e+03,3.013125000000000000e+03,3.471375000000000000e+03,3.074625000000000000e+03,2.676687500000000000e+03
2.960000000000000000e+02,2.749937500000000000e+03,2.916437500000000000e+03,3.730375000000000000e+03,3.674687500000000000e+03,3.065250000000000000e+03,2.992312500000000000e+03,3.884312500000000000e+03,4.409000000000000000e+03,3.019625000000000000e+03,3.487062500000000000e+03,3.084312500000000000e+03,2.677500000000000000e+03
2.970000000000000000e+02,2.753750000000000000e+03,2.916000000000000000e+03,3.732937500000000000e+03,3.674375000000000000e+03,3.077500000000000000e+03,3.000375000000000000e+03,3.889375000000000000e+03,4.461125000000000000e+03,3.028937500000000000e+03,3.486062500000000000e+03,3.099125000000000000e+03,2.681312500000000000e+03
2.980000000000000000e+02,2.757625000000000000e+03,2.913500000000000000e+03,3.700875000000000000e+03,3.642875000000000000e+03,3.073000000000000000e+03,2.975250000000000000e+03,3.896937500000000000e+03,4.504812500000000000e+03,3.043125000000000000e+03,3.470750000000000000e+03,3.103812500000000000e+03,2.678875000000000000e+03
2.990000000000000000e+02,2.751000000000000000e+03,2.905375000000000000e+03,3.697062500000000000e+03,3.613000000000000000e+03,3.061625000000000000e+03,2.969125000000000000e+03,3.894500000000000000e+03,4.545625000000000000e+03,3.042625000000000000e+03,3.466375000000000000e+03,3.100562500000000000e+03,2.665937500000000000e+03
3.000000000000000000e+02,2.760812500000000000e+03,2.910250000000000000e+03,3.691750000000000000e+03,3.592062500000000000e+03,3.061812500000000000e+03,2.969312500000000000e+03,3.903250000000000000e+03,4.612125000000000000e+03,3.070875000000000000e+03,3.476312500000000000e+03,3.132687500000000000e+03,2.668250000000000000e+03
3.010000000000000000e+02,2.760625000000000000e+03,2.917125000000000000e+03,3.695812500000000000e+03,3.578625000000000000e+03,3.062687500000000000e+03,2.968062500000000000e+03,3.884875000000000000e+03,4.669000000000000000e+03,3.085000000000000000e+03,3.471625000000000000e+03,3.140875000000000000e+03,2.671000000000000000e+03
3.020000000000000000e+02,2.764687500000000000e+03,2.916750000000000000e+03,3.686187500000000000e+03,3.566625000000000000e+03,3.070687500000000000e+03,2.965500000000000000e+03,3.868812500000000000e+03,4.714375000000000000e+03,3.103000000000000000e+03,3.471937500000000000e+03,3.153625000000000000e+03,2.672750000000000000e+03
3.030000000000000000e+02,2.760312500000000000e+03,2.928437500000000000e+03,3.690125000000000000e+03,3.557562500000000000e+03,3.064187500000000000e+03,2.960937500000000000e+03,3.857062500000000000e+03,4.758312500000000000e+03,3.117187500000000000e+03,3.475750000000000000e+03,3.167937500000000000e+03,2.670437500000000000e+03
3.040000000000000000e+02,2.768625000000000000e+03,2.930687500000000000e+03,3.678187500000000000e+03,3.552500000000000000e+03,3.053250000000000000e+03,2.958750000000000000e+03,3.814875000000000000e+03,4.792500000000000000e+03,3.121937500000000000e+03,3.475687500000000000e+03,3.173437500000000000e+03,2.667375000000000000e+03
3.050000000000000000e+02,2.764000000000000000e+03,2.933250000000000000e+03,3.683812500000000000e+03,3.530375000000000000e+03,3.045375000000000000e+03,2.952000000000000000e+03,3.790062500000000000e+03,4.812062500000000000e+03,3.132312500000000000e+03,3.472750000000000000e+03,3.184625000000000000e+03,2.669750000000000000e+03
3.060000000000000000e+02,2.774375000000000000e+03,2.937875000000000000e+03,3.682562500000000000e+03,3.539687500000000000e+03,3.055750000000000000e+03,2.948000000000000000e+03,3.751500000000000000e+03,4.869312500000000000e+03,3.154375000000000000e+03,3.475437500000000000e+03,3.198937500000000000e+03,2.669062500000000000e+03
3.070000000000000000e+02,2.759125000000000000e+03,2.923437500000000000e+03,3.667062500000000000e+03,3.520937500000000000e+03,3.023562500000000000e+03,2.940187500000000000e+03,3.700125000000000000e+03,4.884750000000000000e+03,3.151875000000000000e+03,3.459812500000000000e+03,3.194062500000000000e+03,2.658062500000000000e+03
3.080000000000000000e+02,2.757437500000000000e+03,2.930187500000000000e+03,3.653000000000000000e+03,3.510875000000000000e+03,3.028750000000000000e+03,2.930812500000000000e+03,3.666937500000000000e+03,4.933187500000000000e+03,3.170937500000000000e+03,3.450062500000000000e+03,3.210062500000000000e+03,2.652750000000000000e+03
3.090000000000000000e+02,2.769750000000000000e+03,2.932625000000000000e+03,3.658312500000000000e+03,3.520500000000000000e+03,3.030062500000000000e+03,2.940187500000000000e+03,3.631875000000000000e+03,4.983562500000000000e+03,3.178750000000000000e+03,3.457375000000000000e+03,3.230875000000000000e+03,2.663437500000000000e+03
3.100000000000000000e+02,2.775500000000000000e+03,2.950312500000000000e+03,3.664875000000000000e+03,3.527062500000000000e+03,3.036312500000000000e+03,2.945062500000000000e+03,3.638625000000000000e+03,5.019500000000000000e+03,3.204687500000000000e+03,3.470812500000000000e+03,3.251687500000000000e+03,2.670250000000000000e+03
3.110000000000000000e+02,2.775375000000000000e+03,2.956375000000000000e+03,3.648000000000000000e+03,3.519250000000000000e+03,3.020562500000000000e+03,2.945062500000000000e+03,3.604062500000000000e+03,5.049500000000000000e+03,3.212000000000000000e+03,3.461875000000000000e+03,3.259875000000000000e+03,2.669750000000000000e+03
3.120000000000000000e+02,2.773187500000000000e+03,2.962687500000000000e+03,3.661312500000000000e+03,3.521437500000000000e+03,3.022000000000000000e+03,2.948875000000000000e+03,3.583625000000000000e+03,5.094250000000000000e+03,3.219000000000000000e+03,3.468937500000000000e+03,3.270375000000000000e+03,2.664000000000000000e+03
3.130000000000000000e+02,2.772000000000000000e+03,2.967250000000000000e+03,3.655812500000000000e+03,3.506312500000000000e+03,3.016562500000000000e+03,2.941937500000000000e+03,3.575812500000000000e+03,5.105312500000000000e+03,3.218000000000000000e+03,3.458625000000000000e+03,3.266312500000000000e+03,2.669937500000000000e+03
3.140000000000000000e+02,2.773125000000000000e+03,2.978062500000000000e+03,3.656625000000000000e+03,3.507062500000000000e+03,3.017625000000000000e+03,2.944250000000000000e+03,3.550687500000000000e+03,5.120500000000000000e+03,3.232687500000000000e+03,3.457500000000000000e+03,3.275750000000000000e+03,2.669875000000000000e+03
3.150000000000000000e+02,2.779312500000000000e+03,2.988000000000000000e+03,3.654375000000000000e+03,3.517187500000000000e+03,3.009312500000000000e+03,2.947875000000000000e+03,3.546687500000000000e+03,5.142687500000000000e+03,3.236750000000000000e+03,3.462625000000000000e+03,3.285250000000000000e+03,2.665812500000000000e+03
3.160000000000000000e+02,2.777187500000000000e+03,2.996750000000000000e+03,3.646937500000000000e+03,3.515562500000000000e+03,3.010375000000000000e+03,2.952437500000000000e+03,3.534312500000000000e+03,5.169000000000000000e+03,3.249250000000000000e+03,3.458437500000000000e+03,3.295062500000000000e+03,2.674812500000000000e+03
3.170000000000000000e+02,2.770562500000000000e+03,3.002625000000000000e+03,3.656375000000000000e+03,3.507375000000000000e+03,3.004687500000000000e+03,2.952187500000000000e+03,3.520750000000000000e+03,5.180812500000000000e+03,3.251375000000000000e+03,3.463312500000000000e+03,3.300625000000000000e+03,2.664500000000000000e+03
3.180000000000000000e+02,2.740312500000000000e+03,2.968312500000000000e+03,3.617937500000000000e+03,3.475125000000000000e+03,2.965375000000000000e+03,2.916687500000000000e+03,3.473500000000000000e+03,5.165250000000000000e+03,3.236812500000000000e+03,3.423312500000000000e+03,3.272875000000000000e+03,2.641375000000000000e+03
3.190000000000000000e+02,2.682937500000000000e+03,2.918312500000000000e+03,3.563187500000000000e+03,3.414125000000000000e+03,2.902500000000000000e+03,2.851937500000000000e+03,3.403500000000000000e+03,5.118312500000000000e+03,3.176937500000000000e+03,3.347812500000000000e+03,3.214500000000000000e+03,2.580125000000000000e+03
3.200000000000000000e+02,2.684500000000000000e+03,2.921625000000000000e+03,3.554312500000000000e+03,3.412750000000000000e+03,2.903062500000000000e+03,2.855062500000000000e+03,3.381562500000000000e+03,5.119062500000000000e+03,3.185250000000000000e+03,3.350000000000000000e+03,3.227000000000000000e+03,2.582000000000000000e+03
3.210000000000000000e+02,2.684062500000000000e+03,2.936625000000000000e+03,3.560750000000000000e+03,3.413750000000000000e+03,2.904687500000000000e+03,2.852875000000000000e+03,3.379437500000000000e+03,5.139750000000000000e+03,3.189812500000000000e+03,3.346000000000000000e+03,3.234062500000000000e+03,2.586562500000000000e+03
3.220000000000000000e+02,2.684687500000000000e+03,2.941937500000000000e+03,3.563875000000000000e+03,3.422750000000000000e+03,2.907687500000000000e+03,2.861937500000000000e+03,3.365687500000000000e+03,5.161750000000000000e+03,3.201062500000000000e+03,3.345000000000000000e+03,3.245687500000000000e+03,2.595937500000000000e+03
3.230000000000000000e+02,2.682875000000000000e+03,2.948625000000000000e+03,3.563375000000000000e+03,3.421062500000000000e+03,2.904250000000000000e+03,2.862125000000000000e+03,3.346125000000000000e+03,5.177875000000000000e+03,3.209375000000000000e+03,3.341625000000000000e+03,3.253375000000000000e+03,2.588250000000000000e+03
3.240000000000000000e+02,2.687687500000000000e+03,2.956687500000000000e+03,3.568750000000000000e+03,3.427312500000000000e+03,2.910187500000000000e+03,2.865500000000000000e+03,3.335625000000000000e+03,5.190437500000000000e+03,3.225062500000000000e+03,3.345437500000000000e+03,3.272187500000000000e+03,2.599062500000000000e+03
3.250000000000000000e+02,2.695375000000000000e+03,2.973500000000000000e+03,3.565625000000000000e+03,3.433312500000000000e+03,2.905187500000000000e+03,2.865000000000000000e+03,3.324937500000000000e+03,5.202937500000000000e+03,3.245062500000000000e+03,3.341687500000000000e+03,3.276250000000000000e+03,2.597812500000000000e+03
3.260000000000000000e+02,2.743250000000000000e+03,3.030937500000000000e+03,3.602437500000000000e+03,3.484062500000000000e+03,2.956750000000000000e+03,2.918250000000000000e+03,3.350000000000000000e+03,5.269562500000000000e+03,3.289500000000000000e+03,3.388937500000000000e+03,3.333687500000000000e+03,2.652062500000000000e+03
3.270000000000000000e+02,2.727875000000000000e+03,3.028937500000000000e+03,3.599750000000000000e+03,3.476500000000000000e+03,2.939250000000000000e+03,2.907937500000000000e+03,3.329875000000000000e+03,5.261437500000000000e+03,3.288000000000000000e+03,3.371750000000000000e+03,3.323875000000000000e+03,2.645500000000000000e+03
3.280000000000000000e+02,2.766187500000000000e+03,3.085250000000000000e+03,3.632312500000000000e+03,3.511875000000000000e+03,2.983437500000000000e+03,2.950750000000000000e+03,3.366875000000000000e+03,5.305625000000000000e+03,3.335312500000000000e+03,3.414375000000000000e+03,3.382687500000000000e+03,2.686312500000000000e+03
3.290000000000000000e+02,2.795437500000000000e+03,3.117812500000000000e+03,3.660750000000000000e+03,3.542187500000000000e+03,3.008687500000000000e+03,2.972062500000000000e+03,3.395187500000000000e+03,5.339750000000000000e+03,3.362312500000000000e+03,3.428562500000000000e+03,3.417562500000000000e+03,2.712625000000000000e+03
3.300000000000000000e+02,2.794125000000000000e+03,3.135625000000000000e+03,3.651625000000000000e+03,3.537875000000000000e+03,3.005812500000000000e+03,2.969625000000000000e+03,3.380625000000000000e+03,5.322000000000000000e+03,3.373562500000000000e+03,3.428937500000000000e+03,3.416875000000000000e+03,2.714437500000000000e+03
3.310000000000000000e+02,2.792187500000000000e+03,3.149625000000000000e+03,3.651875000000000000e+03,3.538625000000000000e+03,3.001312500000000000e+03,2.972750000000000000e+03,3.377187500000000000e+03,5.309062500000000000e+03,3.372875000000000000e+03,3.428187500000000000e+03,3.431500000000000000e+03,2.717187500000000000e+03
3.320000000000000000e+02,2.799437500000000000e+03,3.165125000000000000e+03,3.659562500000000000e+03,3.555187500000000000e+03,2.999875000000000000e+03,2.976250000000000000e+03,3.377375000000000000e+03,5.314750000000000000e+03,3.377500000000000000e+03,3.426937500000000000e+03,3.441625000000000000e+03,2.722625000000000000e+03
3.330000000000000000e+02,2.800687500000000000e+03,3.177437500000000000e+03,3.661875000000000000e+03,3.560375000000000000e+03,3.003250000000000000e+03,2.972000000000000000e+03,3.379375000000000000e+03,5.305375000000000000e+03,3.391375000000000000e+03,3.416687500000000000e+03,3.448812500000000000e+03,2.727437500000000000e+03
3.340000000000000000e+02,2.804937500000000000e+03,3.203187500000000000e+03,3.645250000000000000e+03,3.555000000000000000e+03,3.003812500000000000e+03,2.973625000000000000e+03,3.372812500000000000e+03,5.292687500000000000e+03,3.395000000000000000e+03,3.405187500000000000e+03,3.458250000000000000e+03,2.723187500000000000e+03
3.350000000000000000e+02,2.801625000000000000e+03,3.214500000000000000e+03,3.648625000000000000e+03,3.549750000000000000e+03,2.996937500000000000e+03,2.969187500000000000e+03,3.374000000000000000e+03,5.261000000000000000e+03,3.393062500000000000e+03,3.402500000000000000e+03,3.462875000000000000e+03,2.729500000000000000e+03
3.360000000000000000e+02,2.798875000000000000e+03,3.227812500000000000e+03,3.652437500000000000e+03,3.549125000000000000e+03,2.997875000000000000e+03,2.972000000000000000e+03,3.378750000000000000e+03,5.263937500000000000e+03,3.397562500000000000e+03,3.405875000000000000e+03,3.467937500000000000e+03,2.731500000000000000e+03
3.370000000000000000e+02,2.799000000000000000e+03,3.238625000000000000e+03,3.654625000000000000e+03,3.554250000000000000e+03,2.993812500000000000e+03,2.971937500000000000e+03,3.379875000000000000e+03,5.267812500000000000e+03,3.399000000000000000e+03,3.391187500000000000e+03,3.471750000000000000e+03,2.729687500000000000e+03
3.380000000000000000e+02,2.794250000000000000e+03,3.249187500000000000e+03,3.645375000000000000e+03,3.550437500000000000e+03,3.000750000000000000e+03,2.967687500000000000e+03,3.372000000000000000e+03,5.220000000000000000e+03,3.399687500000000000e+03,3.390187500000000000e+03,3.475375000000000000e+03,2.730375000000000000e+03
3.390000000000000000e+02,2.796437500000000000e+03,3.264062500000000000e+03,3.645875000000000000e+03,3.558750000000000000e+03,2.994750000000000000e+03,2.969500000000000000e+03,3.378000000000000000e+03,5.225937500000000000e+03,3.408062500000000000e+03,3.390062500000000000e+03,3.483562500000000000e+03,2.728875000000000000e+03
3.400000000000000000e+02,2.797750000000000000e+03,3.278062500000000000e+03,3.653312500000000000e+03,3.557562500000000000e+03,2.985875000000000000e+03,2.971875000000000000e+03,3.378562500000000000e+03,5.205437500000000000e+03,3.404812500000000000e+03,3.384375000000000000e+03,3.487500000000000000e+03,2.729562500000000000e+03
3.410000000000000000e+02,2.805875000000000000e+03,3.309312500000000000e+03,3.648687500000000000e+03,3.555125000000000000e+03,2.997375000000000000e+03,2.968437500000000000e+03,3.374312500000000000e+03,5.183500000000000000e+03,3.415375000000000000e+03,3.385562500000000000e+03,3.489937500000000000e+03,2.731375000000000000e+03
3.420000000000000000e+02,2.798750000000000000e+03,3.324250000000000000e+03,3.628687500000000000e+03,3.553937500000000000e+03,2.983187500000000000e+03,2.963812500000000000e+03,3.371000000000000000e+03,5.158125000000000000e+03,3.407500000000000000e+03,3.376625000000000000e+03,3.498187500000000000e+03,2.729500000000000000e+03
3.430000000000000000e+02,2.785625000000000000e+03,3.306625000000000000e+03,3.622875000000000000e+03,3.529500000000000000e+03,2.974687500000000000e+03,2.954125000000000000e+03,3.361000000000000000e+03,5.125000000000000000e+03,3.400187500000000000e+03,3.361937500000000000e+03,3.476437500000000000e+03,2.714187500000000000e+03
3.440000000000000000e+02,2.795312500000000000e+03,3.344812500000000000e+03,3.625312500000000000e+03,3.542625000000000000e+03,2.979687500000000000e+03,2.958125000000000000e+03,3.370250000000000000e+03,5.126187500000000000e+03,3.415312500000000000e+03,3.366250000000000000e+03,3.498875000000000000e+03,2.727625000000000000e+03
3.450000000000000000e+02,2.796187500000000000e+03,3.348250000000000000e+03,3.633000000000000000e+03,3.545562500000000000e+03,2.987500000000000000e+03,2.965937500000000000e+03,3.359875000000000000e+03,5.098812500000000000e+03,3.419250000000000000e+03,3.366125000000000000e+03,3.503062500000000000e+03,2.729625000000000000e+03
3.460000000000000000e+02,2.792250000000000000e+03,3.367562500000000000e+03,3.615875000000000000e+03,3.542562500000000000e+03,2.985437500000000000e+03,2.957062500000000000e+03,3.369375000000000000e+03,5.086187500000000000e+03,3.421062500000000000e+03,3.354812500000000000e+03,3.500250000000000000e+03,2.726687500000000000e+03
3.470000000000000000e+02,2.798187500000000000e+03,3.386625000000000000e+03,3.632000000000000000e+03,3.550312500000000000e+03,2.985187500000000000e+03,2.962937500000000000e+03,3.368500000000000000e+03,5.086437500000000000e+03,3.430250000000000000e+03,3.360375000000000000e+03,3.504687500000000000e+03,2.727375000000000000e+03
3.480000000000000000e+02,2.800375000000000000e+03,3.403812500000000000e+03,3.621000000000000000e+03,3.549375000000000000e+03,2.984625000000000000e+03,2.960250000000000000e+03,3.361187500000000000e+03,5.064062500000000000e+03,3.422625000000000000e+03,3.353562500000000000e+03,3.507250000000000000e+03,2.721562500000000000e+03
3.490000000000000000e+02,2.801687500000000000e+03,3.410812500000000000e+03,3.629750000000000000e+03,3.548875000000000000e+03,2.990625000000000000e+03,2.964750000000000000e+03,3.365500000000000000e+03,5.045562500000000000e+03,3.441437500000000000e+03,3.362000000000000000e+03,3.517750000000000000e+03,2.731312500000000000e+03
3.500000000000000000e+02,2.786375000000000000e+03,3.420375000000000000e+03,3.609375000000000000e+03,3.543312500000000000e+03,2.967562500000000000e+03,2.945750000000000000e+03,3.348875000000000000e+03,4.992687500000000000e+03,3.421125000000000000e+03,3.341000000000000000e+03,3.503500000000000000e+03,2.710250000000000000e+03
3.510000000000000000e+02,2.798687500000000000e+03,3.449437500000000000e+03,3.616937500000000000e+03,3.545937500000000000e+03,2.981062500000000000e+03,2.959437500000000000e+03,3.358500000000000000e+03,4.978812500000000000e+03,3.443062500000000000e+03,3.347562500000000000e+03,3.513000000000000000e+03,2.724625000000000000e+03
3.520000000000000000e+02,2.800312500000000000e+03,3.466375000000000000e+03,3.618937500000000000e+03,3.556750000000000000e+03,2.984187500000000000e+03,2.950312500000000000e+03,3.351437500000000000e+03,4.967250000000000000e+03,3.438062500000000000e+03,3.339625000000000000e+03,3.523312500000000000e+03,2.727062500000000000e+03
3.530000000000000000e+02,2.802812500000000000e+03,3.481125000000000000e+03,3.615875000000000000e+03,3.558687500000000000e+03,2.983812500000000000e+03,2.962500000000000000e+03,3.354375000000000000e+03,4.944375000000000000e+03,3.446437500000000000e+03,3.346000000000000000e+03,3.521625000000000000e+03,2.731062500000000000e+03
3.540000000000000000e+02,2.804437500000000000e+03,3.494562500000000000e+03,3.621000000000000000e+03,3.555250000000000000e+03,2.987812500000000000e+03,2.960437500000000000e+03,3.356187500000000000e+03,4.926812500000000000e+03,3.452687500000000000e+03,3.346562500000000000e+03,3.524500000000000000e+03,2.729875000000000000e+03
3.550000000000000000e+02,2.801812500000000000e+03,3.505125000000000000e+03,3.604750000000000000e+03,3.562562500000000000e+03,2.982437500000000000e+03,2.954000000000000000e+03,3.350625000000000000e+03,4.891500000000000000e+03,3.438562500000000000e+03,3.346625000000000000e+03,3.528625000000000000e+03,2.723500000000000000e+03
3.560000000000000000e+02,2.800062500000000000e+03,3.520812500000000000e+03,3.603312500000000000e+03,3.554750000000000000e+03,2.975312500000000000e+03,2.955875000000000000e+03,3.357375000000000000e+03,4.890875000000000000e+03,3.443375000000000000e+03,3.321625000000000000e+03,3.528000000000000000e+03,2.722187500000000000e+03
3.570000000000000000e+02,2.804875000000000000e+03,3.540000000000000000e+03,3.602812500000000000e+03,3.566500000000000000e+03,2.981062500000000000e+03,2.959937500000000000e+03,3.356062500000000000e+03,4.871750000000000000e+03,3.448687500000000000e+03,3.338000000000000000e+03,3.527437500000000000e+03,2.730250000000000000e+03
3.580000000000000000e+02,2.806187500000000000e+03,3.556187500000000000e+03,3.603687500000000000e+03,3.553125000000000000e+03,2.975437500000000000e+03,2.957312500000000000e+03,3.352562500000000000e+03,4.840562500000000000e+03,3.441562500000000000e+03,3.339500000000000000e+03,3.532312500000000000e+03,2.722562500000000000e+03
3.590000000000000000e+02,2.814187500000000000e+03,3.570250000000000000e+03,3.600000000000000000e+03,3.568437500000000000e+03,2.986062500000000000e+03,2.956000000000000000e+03,3.352625000000000000e+03,4.830562500000000000e+03,3.443312500000000000e+03,3.328437500000000000e+03,3.528500000000000000e+03,2.731625000000000000e+03
3.600000000000000000e+02,2.811125000000000000e+03,3.580625000000000000e+03,3.596625000000000000e+03,3.561625000000000000e+03,2.975562500000000000e+03,2.962187500000000000e+03,3.342562500000000000e+03,4.809187500000000000e+03,3.434562500000000000e+03,3.328625000000000000e+03,3.529437500000000000e+03,2.735187500000000000e+03
3.610000000000000000e+02,2.808062500000000000e+03,3.598000000000000000e+03,3.596312500000000000e+03,3.568750000000000000e+03,2.975312500000000000e+03,2.955062500000000000e+03,3.342250000000000000e+03,4.794437500000000000e+03,3.446750000000000000e+03,3.329500000000000000e+03,3.536375000000000000e+03,2.736000000000000000e+03
3.620000000000000000e+02,2.818875000000000000e+03,3.619375000000000000e+03,3.592625000000000000e+03,3.577687500000000000e+03,2.980062500000000000e+03,2.956687500000000000e+03,3.351562500000000000e+03,4.777062500000000000e+03,3.448375000000000000e+03,3.332187500000000000e+03,3.534812500000000000e+03,2.739000000000000000e+03
3.630000000000000000e+02,2.814250000000000000e+03,3.627312500000000000e+03,3.589375000000000000e+03,3.568562500000000000e+03,2.984187500000000000e+03,2.966500000000000000e+03,3.348125000000000000e+03,4.786125000000000000e+03,3.442937500000000000e+03,3.340125000000000000e+03,3.542312500000000000e+03,2.743187500000000000e+03
3.640000000000000000e+02,2.819687500000000000e+03,3.638875000000000000e+03,3.587312500000000000e+03,3.581875000000000000e+03,2.986000000000000000e+03,2.965750000000000000e+03,3.342500000000000000e+03,4.743875000000000000e+03,3.435875000000000000e+03,3.332750000000000000e+03,3.537312500000000000e+03,2.744625000000000000e+03
3.650000000000000000e+02,2.814312500000000000e+03,3.659375000000000000e+03,3.578937500000000000e+03,3.586375000000000000e+03,2.988125000000000000e+03,2.962000000000000000e+03,3.351125000000000000e+03,4.737687500000000000e+03,3.439375000000000000e+03,3.329125000000000000e+03,3.547562500000000000e+03,2.746687500000000000e+03
3.660000000000000000e+02,2.823375000000000000e+03,3.680062500000000000e+03,3.585937500000000000e+03,3.593687500000000000e+03,2.995187500000000000e+03,2.967250000000000000e+03,3.349125000000000000e+03,4.739937500000000000e+03,3.435375000000000000e+03,3.333125000000000000e+03,3.542250000000000000e+03,2.753125000000000000e+03
3.670000000000000000e+02,2.822000000000000000e+03,3.686562500000000000e+03,3.590500000000000000e+03,3.593562500000000000e+03,2.987625000000000000e+03,2.969375000000000000e+03,3.356375000000000000e+03,4.726312500000000000e+03,3.436437500000000000e+03,3.327000000000000000e+03,3.547125000000000000e+03,2.754062500000000000e+03
3.680000000000000000e+02,2.816687500000000000e+03,3.699375000000000000e+03,3.571750000000000000e+03,3.582875000000000000e+03,2.981000000000000000e+03,2.957187500000000000e+03,3.343437500000000000e+03,4.694250000000000000e+03,3.421250000000000000e+03,3.327500000000000000e+03,3.546187500000000000e+03,2.751250000000000000e+03
3.690000000000000000e+02,2.833562500000000000e+03,3.715625000000000000e+03,3.572000000000000000e+03,3.599812500000000000e+03,2.991625000000000000e+03,2.963750000000000000e+03,3.351625000000000000e+03,4.694500000000000000e+03,3.437625000000000000e+03,3.323187500000000000e+03,3.545750000000000000e+03,2.754000000000000000e+03
3.700000000000000000e+02,2.831125000000000000e+03,3.743750000000000000e+03,3.578312500000000000e+03,3.605375000000000000e+03,2.990687500000000000e+03,2.972437500000000000e+03,3.354687500000000000e+03,4.676562500000000000e+03,3.438187500000000000e+03,3.330937500000000000e+03,3.553562500000000000e+03,2.763000000000000000e+03
3.710000000000000000e+02,2.773812500000000000e+03,3.695312500000000000e+03,3.515062500000000000e+03,3.549375000000000000e+03,2.932187500000000000e+03,2.909687500000000000e+03,3.284937500000000000e+03,4.602437500000000000e+03,3.373687500000000000e+03,3.261312500000000000e+03,3.490000000000000000e+03,2.698562500000000000e+03
3.720000000000000000e+02,2.747687500000000000e+03,3.684812500000000000e+03,3.477312500000000000e+03,3.530312500000000000e+03,2.902750000000000000e+03,2.875000000000000000e+03,3.253625000000000000e+03,4.553562500000000000e+03,3.343250000000000000e+03,3.230125000000000000e+03,3.451437500000000000e+03,2.674937500000000000e+03
3.730000000000000000e+02,2.745375000000000000e+03,3.709875000000000000e+03,3.473687500000000000e+03,3.530250000000000000e+03,2.900000000000000000e+03,2.869250000000000000e+03,3.240437500000000000e+03,4.539687500000000000e+03,3.341562500000000000e+03,3.221937500000000000e+03,3.453750000000000000e+03,2.672250000000000000e+03
3.740000000000000000e+02,2.746875000000000000e+03,3.728062500000000000e+03,3.478625000000000000e+03,3.536812500000000000e+03,2.899187500000000000e+03,2.869812500000000000e+03,3.243687500000000000e+03,4.531562500000000000e+03,3.333875000000000000e+03,3.227062500000000000e+03,3.455875000000000000e+03,2.671812500000000000e+03
3.750000000000000000e+02,2.750687500000000000e+03,3.751250000000000000e+03,3.467750000000000000e+03,3.544312500000000000e+03,2.900500000000000000e+03,2.866937500000000000e+03,3.236500000000000000e+03,4.520312500000000000e+03,3.336062500000000000e+03,3.216250000000000000e+03,3.452187500000000000e+03,2.680875000000000000e+03
3.760000000000000000e+02,2.754250000000000000e+03,3.762437500000000000e+03,3.475250000000000000e+03,3.550437500000000000e+03,2.903750000000000000e+03,2.865812500000000000e+03,3.236312500000000000e+03,4.529687500000000000e+03,3.349687500000000000e+03,3.216250000000000000e+03,3.457625000000000000e+03,2.685750000000000000e+03
3.770000000000000000e+02,2.753687500000000000e+03,3.784937500000000000e+03,3.469187500000000000e+03,3.565937500000000000e+03,2.905687500000000000e+03,2.872062500000000000e+03,3.244000000000000000e+03,4.523625000000000000e+03,3.342375000000000000e+03,3.219937500000000000e+03,3.454937500000000000e+03,2.684625000000000000e+03
3.780000000000000000e+02,2.764250000000000000e+03,3.796062500000000000e+03,3.473812500000000000e+03,3.559062500000000000e+03,2.914812500000000000e+03,2.877062500000000000e+03,3.236687500000000000e+03,4.492687500000000000e+03,3.342687500000000000e+03,3.220062500000000000e+03,3.455750000000000000e+03,2.694625000000000000e+03
3.790000000000000000e+02,2.768062500000000000e+03,3.818375000000000000e+03,3.458812500000000000e+03,3.561375000000000000e+03,2.913250000000000000e+03,2.877500000000000000e+03,3.231750000000000000e+03,4.487625000000000000e+03,3.342062500000000000e+03,3.221437500000000000e+03,3.460375000000000000e+03,2.691937500000000000e+03
3.800000000000000000e+02,2.764937500000000000e+03,3.822062500000000000e+03,3.467437500000000000e+03,3.563750000000000000e+03,2.914875000000000000e+03,2.877875000000000000e+03,3.233000000000000000e+03,4.486937500000000000e+03,3.345812500000000000e+03,3.221625000000000000e+03,3.449312500000000000e+03,2.695812500000000000e+03
3.810000000000000000e+02,2.771750000000000000e+03,3.850937500000000000e+03,3.462500000000000000e+03,3.561562500000000000e+03,2.915187500000000000e+03,2.881187500000000000e+03,3.228812500000000000e+03,4.470062500000000000e+03,3.340937500000000000e+03,3.219562500000000000e+03,3.453437500000000000e+03,2.702500000000000000e+03
3.820000000000000000e+02,2.778750000000000000e+03,3.866125000000000000e+03,3.468312500000000000e+03,3.572062500000000000e+03,2.926500000000000000e+03,2.889187500000000000e+03,3.238562500000000000e+03,4.486187500000000000e+03,3.349500000000000000e+03,3.230875000000000000e+03,3.467187500000000000e+03,2.706000000000000000e+03
3.830000000000000000e+02,2.873750000000000000e+03,3.966875000000000000e+03,3.560875000000000000e+03,3.665937500000000000e+03,3.020125000000000000e+03,2.982875000000000000e+03,3.329125000000000000e+03,4.563937500000000000e+03,3.443875000000000000e+03,3.327250000000000000e+03,3.556625000000000000e+03,2.796750000000000000e+03
3.840000000000000000e+02,2.872562500000000000e+03,3.991562500000000000e+03,3.567312500000000000e+03,3.683687500000000000e+03,3.027000000000000000e+03,2.992437500000000000e+03,3.326562500000000000e+03,4.561937500000000000e+03,3.445562500000000000e+03,3.331687500000000000e+03,3.549375000000000000e+03,2.808250000000000000e+03
3.850000000000000000e+02,2.884562500000000000e+03,4.001937500000000000e+03,3.554562500000000000e+03,3.677937500000000000e+03,3.025625000000000000e+03,2.984562500000000000e+03,3.333937500000000000e+03,4.554125000000000000e+03,3.436562500000000000e+03,3.334062500000000000e+03,3.559625000000000000e+03,2.808625000000000000e+03
3.860000000000000000e+02,2.880687500000000000e+03,4.024875000000000000e+03,3.558000000000000000e+03,3.684687500000000000e+03,3.025375000000000000e+03,2.989125000000000000e+03,3.323125000000000000e+03,4.549812500000000000e+03,3.435375000000000000e+03,3.339187500000000000e+03,3.556875000000000000e+03,2.805812500000000000e+03
3.870000000000000000e+02,2.884937500000000000e+03,4.042625000000000000e+03,3.557750000000000000e+03,3.682625000000000000e+03,3.034187500000000000e+03,2.986687500000000000e+03,3.315500000000000000e+03,4.540312500000000000e+03,3.432875000000000000e+03,3.325625000000000000e+03,3.544437500000000000e+03,2.801000000000000000e+03
3.880000000000000000e+02,2.893937500000000000e+03,4.058187500000000000e+03,3.560125000000000000e+03,3.692125000000000000e+03,3.024562500000000000e+03,2.987750000000000000e+03,3.315875000000000000e+03,4.532750000000000000e+03,3.437000000000000000e+03,3.330437500000000000e+03,3.557437500000000000e+03,2.811562500000000000e+03
3.890000000000000000e+02,2.829062500000000000e+03,4.010000000000000000e+03,3.499562500000000000e+03,3.630250000000000000e+03,2.963937500000000000e+03,2.925437500000000000e+03,3.236312500000000000e+03,4.466000000000000000e+03,3.375750000000000000e+03,3.256750000000000000e+03,3.485812500000000000e+03,2.745250000000000000e+03
3.900000000000000000e+02,2.794187500000000000e+03,3.979375000000000000e+03,3.452187500000000000e+03,3.598437500000000000e+03,2.927562500000000000e+03,2.881875000000000000e+03,3.197875000000000000e+03,4.407437500000000000e+03,3.335250000000000000e+03,3.214875000000000000e+03,3.440687500000000000e+03,2.698312500000000000e+03
3.910000000000000000e+02,2.791312500000000000e+03,3.994875000000000000e+03,3.447000000000000000e+03,3.592625000000000000e+03,2.925000000000000000e+03,2.879687500000000000e+03,3.188937500000000000e+03,4.412000000000000000e+03,3.325062500000000000e+03,3.209187500000000000e+03,3.427937500000000000e+03,2.704812500000000000e+03
3.920000000000000000e+02,2.795875000000000000e+03,4.030625000000000000e+03,3.450437500000000000e+03,3.596500000000000000e+03,2.923750000000000000e+03,2.879875000000000000e+03,3.186125000000000000e+03,4.402812500000000000e+03,3.324500000000000000e+03,3.217375000000000000e+03,3.420375000000000000e+03,2.699937500000000000e+03
3.930000000000000000e+02,2.797062500000000000e+03,4.027062500000000000e+03,3.445625000000000000e+03,3.606125000000000000e+03,2.923562500000000000e+03,2.876562500000000000e+03,3.176500000000000000e+03,4.409562500000000000e+03,3.322375000000000000e+03,3.211625000000000000e+03,3.420312500000000000e+03,2.705875000000000000e+03
3.940000000000000000e+02,2.797750000000000000e+03,4.052687500000000000e+03,3.436125000000000000e+03,3.595812500000000000e+03,2.919375000000000000e+03,2.879687500000000000e+03,3.176312500000000000e+03,4.392812500000000000e+03,3.317187500000000000e+03,3.207500000000000000e+03,3.419875000000000000e+03,2.701500000000000000e+03
3.950000000000000000e+02,2.797375000000000000e+03,4.065437500000000000e+03,3.441312500000000000e+03,3.600750000000000000e+03,2.920250000000000000e+03,2.876562500000000000e+03,3.171375000000000000e+03,4.381312500000000000e+03,3.319562500000000000e+03,3.206125000000000000e+03,3.417750000000000000e+03,2.693562500000000000e+03
3.960000000000000000e+02,2.795750000000000000e+03,4.063187500000000000e+03,3.441062500000000000e+03,3.606125000000000000e+03,2.917062500000000000e+03,2.870562500000000000e+03,3.166937500000000000e+03,4.401875000000000000e+03,3.311187500000000000e+03,3.208875000000000000e+03,3.409500000000000000e+03,2.693937500000000000e+03
3.970000000000000000e+02,2.796937500000000000e+03,4.080000000000000000e+03,3.435375000000000000e+03,3.600250000000000000e+03,2.915187500000000000e+03,2.869937500000000000e+03,3.156875000000000000e+03,4.372250000000000000e+03,3.304062500000000000e+03,3.203312500000000000e+03,3.408937500000000000e+03,2.695187500000000000e+03
3.980000000000000000e+02,2.801000000000000000e+03,4.091250000000000000e+03,3.432937500000000000e+03,3.606875000000000000e+03,2.919312500000000000e+03,2.868812500000000000e+03,3.159875000000000000e+03,4.362312500000000000e+03,3.299937500000000000e+03,3.203000000000000000e+03,3.401437500000000000e+03,2.689500000000000000e+03
3.990000000000000000e+02,2.810250000000000000e+03,4.107875000000000000e+03,3.421250000000000000e+03,3.626750000000000000e+03,2.924250000000000000e+03,2.880687500000000000e+03,3.165937500000000000e+03,4.386562500000000000e+03,3.308062500000000000e+03,3.213437500000000000e+03,3.409312500000000000e+03,2.701250000000000000e+03
4.000000000000000000e+02,2.818750000000000000e+03,4.123250000000000000e+03,3.445750000000000000e+03,3.623000000000000000e+03,2.940625000000000000e+03,2.894375000000000000e+03,3.174625000000000000e+03,4.397625000000000000e+03,3.325062500000000000e+03,3.226375000000000000e+03,3.413437500000000000e+03,2.710125000000000000e+03
4.010000000000000000e+02,2.817562500000000000e+03,4.132312500000000000e+03,3.445312500000000000e+03,3.623312500000000000e+03,2.939562500000000000e+03,2.880437500000000000e+03,3.180187500000000000e+03,4.377125000000000000e+03,3.317750000000000000e+03,3.220937500000000000e+03,3.400562500000000000e+03,2.701062500000000000e+03
4.020000000000000000e+02,2.810687500000000000e+03,4.145500000000000000e+03,3.439250000000000000e+03,3.621875000000000000e+03,2.934250000000000000e+03,2.880125000000000000e+03,3.156812500000000000e+03,4.382312500000000000e+03,3.308375000000000000e+03,3.214187500000000000e+03,3.395500000000000000e+03,2.699937500000000000e+03
4.030000000000000000e+02,2.815562500000000000e+03,4.152250000000000000e+03,3.433812500000000000e+03,3.623125000000000000e+03,2.932250000000000000e+03,2.878937500000000000e+03,3.166562500000000000e+03,4.376500000000000000e+03,3.300000000000000000e+03,3.209625000000000000e+03,3.388375000000000000e+03,2.692437500000000000e+03
4.040000000000000000e+02,2.819187500000000000e+03,4.152875000000000000e+03,3.433500000000000000e+03,3.610250000000000000e+03,2.934125000000000000e+03,2.879812500000000000e+03,3.156875000000000000e+03,4.356812500000000000e+03,3.297000000000000000e+03,3.215187500000000000e+03,3.390750000000000000e+03,2.693250000000000000e+03
4.050000000000000000e+02,2.824562500000000000e+03,4.190312500000000000e+03,3.431562500000000000e+03,3.636437500000000000e+03,2.938625000000000000e+03,2.880312500000000000e+03,3.157937500000000000e+03,4.371812500000000000e+03,3.301875000000000000e+03,3.211312500000000000e+03,3.394812500000000000e+03,2.693062500000000000e+03
4.060000000000000000e+02,2.833500000000000000e+03,4.203312500000000000e+03,3.447437500000000000e+03,3.634062500000000000e+03,2.937312500000000000e+03,2.885250000000000000e+03,3.158375000000000000e+03,4.377625000000000000e+03,3.298375000000000000e+03,3.220312500000000000e+03,3.400312500000000000e+03,2.702437500000000000e+03
4.070000000000000000e+02,2.834000000000000000e+03,4.213250000000000000e+03,3.441375000000000000e+03,3.641062500000000000e+03,2.939250000000000000e+03,2.886625000000000000e+03,3.159187500000000000e+03,4.377937500000000000e+03,3.302562500000000000e+03,3.215562500000000000e+03,3.383937500000000000e+03,2.706562500000000000e+03
4.080000000000000000e+02,2.847437500000000000e+03,4.230687500000000000e+03,3.442937500000000000e+03,3.644875000000000000e+03,2.947125000000000000e+03,2.886062500000000000e+03,3.157375000000000000e+03,4.386750000000000000e+03,3.303000000000000000e+03,3.215125000000000000e+03,3.381500000000000000e+03,2.709375000000000000e+03
4.090000000000000000e+02,2.839875000000000000e+03,4.245312500000000000e+03,3.438250000000000000e+03,3.648812500000000000e+03,2.945562500000000000e+03,2.879625000000000000e+03,3.157437500000000000e+03,4.386375000000000000e+03,3.300187500000000000e+03,3.223062500000000000e+03,3.373375000000000000e+03,2.703500000000000000e+03
4.100000000000000000e+02,2.857250000000000000e+03,4.254000000000000000e+03,3.444437500000000000e+03,3.665750000000000000e+03,2.956812500000000000e+03,2.885937500000000000e+03,3.157187500000000000e+03,4.394500000000000000e+03,3.302625000000000000e+03,3.216250000000000000e+03,3.384000000000000000e+03,2.710875000000000000e+03
4.110000000000000000e+02,2.852500000000000000e+03,4.262812500000000000e+03,3.439875000000000000e+03,3.653687500000000000e+03,2.949000000000000000e+03,2.884750000000000000e+03,3.151125000000000000e+03,4.377562500000000000e+03,3.293437500000000000e+03,3.222562500000000000e+03,3.369250000000000000e+03,2.701562500000000000e+03
4.120000000000000000e+02,2.860812500000000000e+03,4.290500000000000000e+03,3.443125000000000000e+03,3.669250000000000000e+03,2.953375000000000000e+03,2.894312500000000000e+03,3.166812500000000000e+03,4.399000000000000000e+03,3.297562500000000000e+03,3.232125000000000000e+03,3.379000000000000000e+03,2.708125000000000000e+03
4.130000000000000000e+02,2.873687500000000000e+03,4.295062500000000000e+03,3.450562500000000000e+03,3.674187500000000000e+03,2.964562500000000000e+03,2.895687500000000000e+03,3.163000000000000000e+03,4.406750000000000000e+03,3.297062500000000000e+03,3.234750000000000000e+03,3.372250000000000000e+03,2.709312500000000000e+03
4.140000000000000000e+02,2.864562500000000000e+03,4.301000000000000000e+03,3.442625000000000000e+03,3.673187500000000000e+03,2.962125000000000000e+03,2.885375000000000000e+03,3.158000000000000000e+03,4.404625000000000000e+03,3.294875000000000000e+03,3.228687500000000000e+03,3.365875000000000000e+03,2.707187500000000000e+03
4.150000000000000000e+02,2.880562500000000000e+03,4.323875000000000000e+03,3.456812500000000000e+03,3.686062500000000000e+03,2.973500000000000000e+03,2.904312500000000000e+03,3.166687500000000000e+03,4.417062500000000000e+03,3.301250000000000000e+03,3.237562500000000000e+03,3.377500000000000000e+03,2.721000000000000000e+03
4.160000000000000000e+02,2.891312500000000000e+03,4.321000000000000000e+03,3.457687500000000000e+03,3.681625000000000000e+03,2.979937500000000000e+03,2.912062500000000000e+03,3.169500000000000000e+03,4.424500000000000000e+03,3.297875000000000000e+03,3.242812500000000000e+03,3.379562500000000000e+03,2.726000000000000000e+03
4.170000000000000000e+02,2.889062500000000000e+03,4.335250000000000000e+03,3.448187500000000000e+03,3.687187500000000000e+03,2.967375000000000000e+03,2.899812500000000000e+03,3.166500000000000000e+03,4.407250000000000000e+03,3.298437500000000000e+03,3.231812500000000000e+03,3.367125000000000000e+03,2.710750000000000000e+03
4.180000000000000000e+02,2.909500000000000000e+03,4.362875000000000000e+03,3.468062500000000000e+03,3.704875000000000000e+03,2.993187500000000000e+03,2.926687500000000000e+03,3.182375000000000000e+03,4.431250000000000000e+03,3.315062500000000000e+03,3.254437500000000000e+03,3.386187500000000000e+03,2.735187500000000000e+03
4.190000000000000000e+02,2.875562500000000000e+03,4.337187500000000000e+03,3.436812500000000000e+03,3.675625000000000000e+03,2.962187500000000000e+03,2.881000000000000000e+03,3.146375000000000000e+03,4.408812500000000000e+03,3.272500000000000000e+03,3.217187500000000000e+03,3.333187500000000000e+03,2.694062500000000000e+03
4.200000000000000000e+02,2.904937500000000000e+03,4.383437500000000000e+03,3.460437500000000000e+03,3.701750000000000000e+03,2.982437500000000000e+03,2.906375000000000000e+03,3.174812500000000000e+03,4.427250000000000000e+03,3.297687500000000000e+03,3.246250000000000000e+03,3.364125000000000000e+03,2.719500000000000000e+03
4.210000000000000000e+02,2.901750000000000000e+03,4.362000000000000000e+03,3.452937500000000000e+03,3.690187500000000000e+03,2.984375000000000000e+03,2.903437500000000000e+03,3.169625000000000000e+03,4.412812500000000000e+03,3.287312500000000000e+03,3.233250000000000000e+03,3.352812500000000000e+03,2.717250000000000000e+03
4.220000000000000000e+02,2.931062500000000000e+03,4.410687500000000000e+03,3.482875000000000000e+03,3.729687500000000000e+03,3.005937500000000000e+03,2.925562500000000000e+03,3.196937500000000000e+03,4.444000000000000000e+03,3.324687500000000000e+03,3.263500000000000000e+03,3.384437500000000000e+03,2.742812500000000000e+03
4.230000000000000000e+02,2.930687500000000000e+03,4.412312500000000000e+03,3.477500000000000000e+03,3.724812500000000000e+03,3.001812500000000000e+03,2.927562500000000000e+03,3.191312500000000000e+03,4.457062500000000000e+03,3.310437500000000000e+03,3.262500000000000000e+03,3.375500000000000000e+03,2.731062500000000000e+03
4.240000000000000000e+02,2.932125000000000000e+03,4.423375000000000000e+03,3.479562500000000000e+03,3.724812500000000000e+03,3.010937500000000000e+03,2.928625000000000000e+03,3.199312500000000000e+03,4.452000000000000000e+03,3.309437500000000000e+03,3.268312500000000000e+03,3.372250000000000000e+03,2.740875000000000000e+03
4.250000000000000000e+02,2.917312500000000000e+03,4.406875000000000000e+03,3.458062500000000000e+03,3.713500000000000000e+03,2.991375000000000000e+03,2.912312500000000000e+03,3.176125000000000000e+03,4.436375000000000000e+03,3.280812500000000000e+03,3.244312500000000000e+03,3.352687500000000000e+03,2.705687500000000000e+03
4.260000000000000000e+02,2.906625000000000000e+03,4.398312500000000000e+03,3.448437500000000000e+03,3.693875000000000000e+03,2.982375000000000000e+03,2.899812500000000000e+03,3.161187500000000000e+03,4.416812500000000000e+03,3.271062500000000000e+03,3.236250000000000000e+03,3.334562500000000000e+03,2.706312500000000000e+03
4.270000000000000000e+02,2.927937500000000000e+03,4.433187500000000000e+03,3.462875000000000000e+03,3.721250000000000000e+03,2.993812500000000000e+03,2.911187500000000000e+03,3.177937500000000000e+03,4.440312500000000000e+03,3.281375000000000000e+03,3.246375000000000000e+03,3.351625000000000000e+03,2.724500000000000000e+03
4.280000000000000000e+02,2.934250000000000000e+03,4.426875000000000000e+03,3.465125000000000000e+03,3.712437500000000000e+03,2.995687500000000000e+03,2.918125000000000000e+03,3.182750000000000000e+03,4.446250000000000000e+03,3.281750000000000000e+03,3.255187500000000000e+03,3.344500000000000000e+03,2.718437500000000000e+03
4.290000000000000000e+02,2.941562500000000000e+03,4.439812500000000000e+03,3.457812500000000000e+03,3.727000000000000000e+03,2.994437500000000000e+03,2.916625000000000000e+03,3.181187500000000000e+03,4.438062500000000000e+03,3.280125000000000000e+03,3.248875000000000000e+03,3.339750000000000000e+03,2.719437500000000000e+03
4.300000000000000000e+02,2.925562500000000000e+03,4.427562500000000000e+03,3.447187500000000000e+03,3.709000000000000000e+03,2.983562500000000000e+03,2.907062500000000000e+03,3.166625000000000000e+03,4.441937500000000000e+03,3.267437500000000000e+03,3.229875000000000000e+03,3.328187500000000000e+03,2.704437500000000000e+03
4.310000000000000000e+02,2.922687500000000000e+03,4.430125000000000000e+03,3.433312500000000000e+03,3.697625000000000000e+03,2.976312500000000000e+03,2.893125000000000000e+03,3.157812500000000000e+03,4.418062500000000000e+03,3.249625000000000000e+03,3.225562500000000000e+03,3.309375000000000000e+03,2.691562500000000000e+03
4.320000000000000000e+02,2.933812500000000000e+03,4.449375000000000000e+03,3.448562500000000000e+03,3.708562500000000000e+03,2.980937500000000000e+03,2.895500000000000000e+03,3.178000000000000000e+03,4.454375000000000000e+03,3.265000000000000000e+03,3.232937500000000000e+03,3.316312500000000000e+03,2.697687500000000000e+03
4.330000000000000000e+02,2.959375000000000000e+03,4.456125000000000000e+03,3.455750000000000000e+03,3.723437500000000000e+03,2.992937500000000000e+03,2.910750000000000000e+03,3.183812500000000000e+03,4.441062500000000000e+03,3.260937500000000000e+03,3.246312500000000000e+03,3.322312500000000000e+03,2.712812500000000000e+03
4.340000000000000000e+02,2.973437500000000000e+03,4.488125000000000000e+03,3.475375000000000000e+03,3.743500000000000000e+03,3.023187500000000000e+03,2.925250000000000000e+03,3.202812500000000000e+03,4.480250000000000000e+03,3.286500000000000000e+03,3.262625000000000000e+03,3.343312500000000000e+03,2.734062500000000000e+03
4.350000000000000000e+02,2.994187500000000000e+03,4.512562500000000000e+03,3.496750000000000000e+03,3.768500000000000000e+03,3.029250000000000000e+03,2.936750000000000000e+03,3.217250000000000000e+03,4.503250000000000000e+03,3.293250000000000000e+03,3.268437500000000000e+03,3.340687500000000000e+03,2.742375000000000000e+03
4.360000000000000000e+02,3.018000000000000000e+03,4.549625000000000000e+03,3.514000000000000000e+03,3.796250000000000000e+03,3.058687500000000000e+03,2.964062500000000000e+03,3.244250000000000000e+03,4.529312500000000000e+03,3.322812500000000000e+03,3.303562500000000000e+03,3.380750000000000000e+03,2.769875000000000000e+03
4.370000000000000000e+02,2.979625000000000000e+03,4.513875000000000000e+03,3.470312500000000000e+03,3.741500000000000000e+03,3.020875000000000000e+03,2.924250000000000000e+03,3.195812500000000000e+03,4.491812500000000000e+03,3.270437500000000000e+03,3.252375000000000000e+03,3.315687500000000000e+03,2.733375000000000000e+03
4.380000000000000000e+02,2.970187500000000000e+03,4.500562500000000000e+03,3.458687500000000000e+03,3.724125000000000000e+03,2.998062500000000000e+03,2.901562500000000000e+03,3.191375000000000000e+03,4.470062500000000000e+03,3.251812500000000000e+03,3.236250000000000000e+03,3.294125000000000000e+03,2.701875000000000000e+03
4.390000000000000000e+02,2.988937500000000000e+03,4.515250000000000000e+03,3.461687500000000000e+03,3.748000000000000000e+03,3.011937500000000000e+03,2.920500000000000000e+03,3.193250000000000000e+03,4.495000000000000000e+03,3.261687500000000000e+03,3.246000000000000000e+03,3.301375000000000000e+03,2.716500000000000000e+03
4.400000000000000000e+02,2.971437500000000000e+03,4.499250000000000000e+03,3.440125000000000000e+03,3.721312500000000000e+03,2.990375000000000000e+03,2.894437500000000000e+03,3.182187500000000000e+03,4.478312500000000000e+03,3.241000000000000000e+03,3.225437500000000000e+03,3.273375000000000000e+03,2.686437500000000000e+03
4.410000000000000000e+02,2.980187500000000000e+03,4.503437500000000000e+03,3.445125000000000000e+03,3.733375000000000000e+03,3.003812500000000000e+03,2.897437500000000000e+03,3.191937500000000000e+03,4.485500000000000000e+03,3.238375000000000000e+03,3.225687500000000000e+03,3.283625000000000000e+03,2.696875000000000000e+03
4.420000000000000000e+02,3.023375000000000000e+03,4.550437500000000000e+03,3.485625000000000000e+03,3.775562500000000000e+03,3.037250000000000000e+03,2.936625000000000000e+03,3.227562500000000000e+03,4.538187500000000000e+03,3.281625000000000000e+03,3.268250000000000000e+03,3.324312500000000000e+03,2.736125000000000000e+03
4.430000000000000000e+02,3.024437500000000000e+03,4.568187500000000000e+03,3.483875000000000000e+03,3.768187500000000000e+03,3.032562500000000000e+03,2.937375000000000000e+03,3.225562500000000000e+03,4.537750000000000000e+03,3.272000000000000000e+03,3.258625000000000000e+03,3.310875000000000000e+03,2.729437500000000000e+03
4.440000000000000000e+02,2.989687500000000000e+03,4.532500000000000000e+03,3.451187500000000000e+03,3.735375000000000000e+03,2.996812500000000000e+03,2.892875000000000000e+03,3.197312500000000000e+03,4.513187500000000000e+03,3.227125000000000000e+03,3.233875000000000000e+03,3.265375000000000000e+03,2.692687500000000000e+03
4.450000000000000000e+02,2.981500000000000000e+03,4.516187500000000000e+03,3.436562500000000000e+03,3.726875000000000000e+03,2.985500000000000000e+03,2.879500000000000000e+03,3.183500000000000000e+03,4.496750000000000000e+03,3.210375000000000000e+03,3.213500000000000000e+03,3.256625000000000000e+03,2.677875000000000000e+03
4.460000000000000000e+02,2.972375000000000000e+03,4.522250000000000000e+03,3.430000000000000000e+03,3.715750000000000000e+03,2.974812500000000000e+03,2.875937500000000000e+03,3.171937500000000000e+03,4.488750000000000000e+03,3.200875000000000000e+03,3.204812500000000000e+03,3.244750000000000000e+03,2.669125000000000000e+03
4.470000000000000000e+02,2.972562500000000000e+03,4.518875000000000000e+03,3.425125000000000000e+03,3.707000000000000000e+03,2.963187500000000000e+03,2.856437500000000000e+03,3.174000000000000000e+03,4.486062500000000000e+03,3.189875000000000000e+03,3.200875000000000000e+03,3.233187500000000000e+03,2.652875000000000000e+03
4.480000000000000000e+02,2.967312500000000000e+03,4.501375000000000000e+03,3.409250000000000000e+03,3.699125000000000000e+03,2.963750000000000000e+03,2.855312500000000000e+03,3.169125000000000000e+03,4.476000000000000000e+03,3.186687500000000000e+03,3.187937500000000000e+03,3.223750000000000000e+03,2.653125000000000000e+03
4.490000000000000000e+02,2.982312500000000000e+03,4.533000000000000000e+03,3.426375000000000000e+03,3.721937500000000000e+03,2.974500000000000000e+03,2.863375000000000000e+03,3.183062500000000000e+03,4.509187500000000000e+03,3.183437500000000000e+03,3.192375000000000000e+03,3.223187500000000000e+03,2.661625000000000000e+03
4.500000000000000000e+02,2.979937500000000000e+03,4.527750000000000000e+03,3.416750000000000000e+03,3.716000000000000000e+03,2.965812500000000000e+03,2.853562500000000000e+03,3.175875000000000000e+03,4.484562500000000000e+03,3.179375000000000000e+03,3.191437500000000000e+03,3.209625000000000000e+03,2.650812500000000000e+03
4.510000000000000000e+02,2.991312500000000000e+03,4.541375000000000000e+03,3.420687500000000000e+03,3.722250000000000000e+03,2.973812500000000000e+03,2.861625000000000000e+03,3.182000000000000000e+03,4.509500000000000000e+03,3.181437500000000000e+03,3.197625000000000000e+03,3.224750000000000000e+03,2.653812500000000000e+03
4.520000000000000000e+02,2.990812500000000000e+03,4.543312500000000000e+03,3.430187500000000000e+03,3.720625000000000000e+03,2.976375000000000000e+03,2.864312500000000000e+03,3.191375000000000000e+03,4.509437500000000000e+03,3.177062500000000000e+03,3.193437500000000000e+03,3.214500000000000000e+03,2.658312500000000000e+03
4.530000000000000000e+02,2.983750000000000000e+03,4.532500000000000000e+03,3.414125000000000000e+03,3.710875000000000000e+03,2.952875000000000000e+03,2.847125000000000000e+03,3.185500000000000000e+03,4.490625000000000000e+03,3.161500000000000000e+03,3.176312500000000000e+03,3.205250000000000000e+03,2.644375000000000000e+03
4.540000000000000000e+02,2.988812500000000000e+03,4.531125000000000000e+03,3.408500000000000000e+03,3.703187500000000000e+03,2.956625000000000000e+03,2.839000000000000000e+03,3.179875000000000000e+03,4.496562500000000000e+03,3.151250000000000000e+03,3.174562500000000000e+03,3.183812500000000000e+03,2.635250000000000000e+03
4.550000000000000000e+02,2.992875000000000000e+03,4.539687500000000000e+03,3.421500000000000000e+03,3.709187500000000000e+03,2.960562500000000000e+03,2.839937500000000000e+03,3.195062500000000000e+03,4.506312500000000000e+03,3.159625000000000000e+03,3.180562500000000000e+03,3.200375000000000000e+03,2.641562500000000000e+03
4.560000000000000000e+02,3.003687500000000000e+03,4.549562500000000000e+03,3.422750000000000000e+03,3.720187500000000000e+03,2.967312500000000000e+03,2.855750000000000000e+03,3.200625000000000000e+03,4.505000000000000000e+03,3.153312500000000000e+03,3.183625000000000000e+03,3.196250000000000000e+03,2.641500000000000000e+03
4.570000000000000000e+02,3.015562500000000000e+03,4.560000000000000000e+03,3.419125000000000000e+03,3.725062500000000000e+03,2.973562500000000000e+03,2.862437500000000000e+03,3.211750000000000000e+03,4.529562500000000000e+03,3.163687500000000000e+03,3.191187500000000000e+03,3.199250000000000000e+03,2.651875000000000000e+03
4.580000000000000000e+02,3.021625000000000000e+03,4.566375000000000000e+03,3.443937500000000000e+03,3.744125000000000000e+03,2.979875000000000000e+03,2.861187500000000000e+03,3.218312500000000000e+03,4.539125000000000000e+03,3.156125000000000000e+03,3.198562500000000000e+03,3.203125000000000000e+03,2.653687500000000000e+03
4.590000000000000000e+02,3.015062500000000000e+03,4.561562500000000000e+03,3.423437500000000000e+03,3.723625000000000000e+03,2.972500000000000000e+03,2.852375000000000000e+03,3.216812500000000000e+03,4.531562500000000000e+03,3.138687500000000000e+03,3.186875000000000000e+03,3.186437500000000000e+03,2.648250000000000000e+03
4.600000000000000000e+02,3.020000000000000000e+03,4.564562500000000000e+03,3.425812500000000000e+03,3.728437500000000000e+03,2.967125000000000000e+03,2.853750000000000000e+03,3.209000000000000000e+03,4.544187500000000000e+03,3.153937500000000000e+03,3.181625000000000000e+03,3.177125000000000000e+03,2.636937500000000000e+03
4.610000000000000000e+02,3.018312500000000000e+03,4.557062500000000000e+03,3.416562500000000000e+03,3.719750000000000000e+03,2.960312500000000000e+03,2.834250000000000000e+03,3.199437500000000000e+03,4.542687500000000000e+03,3.137750000000000000e+03,3.169937500000000000e+03,3.166437500000000000e+03,2.636187500000000000e+03
4.620000000000000000e+02,3.015562500000000000e+03,4.557437500000000000e+03,3.414687500000000000e+03,3.718437500000000000e+03,2.959687500000000000e+03,2.840312500000000000e+03,3.206750000000000000e+03,4.531000000000000000e+03,3.135375000000000000e+03,3.166062500000000000e+03,3.158125000000000000e+03,2.629312500000000000e+03
4.630000000000000000e+02,3.042812500000000000e+03,4.569000000000000000e+03,3.428000000000000000e+03,3.734562500000000000e+03,2.968937500000000000e+03,2.844750000000000000e+03,3.224000000000000000e+03,4.568562500000000000e+03,3.143625000000000000e+03,3.179625000000000000e+03,3.178000000000000000e+03,2.641562500000000000e+03
4.640000000000000000e+02,3.031562500000000000e+03,4.560375000000000000e+03,3.421625000000000000e+03,3.733812500000000000e+03,2.964062500000000000e+03,2.843062500000000000e+03,3.215687500000000000e+03,4.550562500000000000e+03,3.126500000000000000e+03,3.170937500000000000e+03,3.156437500000000000e+03,2.627812500000000000e+03
4.650000000000000000e+02,3.063687500000000000e+03,4.582750000000000000e+03,3.446875000000000000e+03,3.770687500000000000e+03,3.002500000000000000e+03,2.865437500000000000e+03,3.250375000000000000e+03,4.580312500000000000e+03,3.160250000000000000e+03,3.196875000000000000e+03,3.186312500000000000e+03,2.657187500000000000e+03
4.660000000000000000e+02,3.096625000000000000e+03,4.609250000000000000e+03,3.481000000000000000e+03,3.789625000000000000e+03,3.020187500000000000e+03,2.895000000000000000e+03,3.282312500000000000e+03,4.608312500000000000e+03,3.180937500000000000e+03,3.225000000000000000e+03,3.210625000000000000e+03,2.689687500000000000e+03
4.670000000000000000e+02,3.079562500000000000e+03,4.592500000000000000e+03,3.470062500000000000e+03,3.776375000000000000e+03,3.002250000000000000e+03,2.882500000000000000e+03,3.270812500000000000e+03,4.612875000000000000e+03,3.173125000000000000e+03,3.208687500000000000e+03,3.186312500000000000e+03,2.672437500000000000e+03
4.680000000000000000e+02,3.115000000000000000e+03,4.618750000000000000e+03,3.495250000000000000e+03,3.813562500000000000e+03,3.029562500000000000e+03,2.907875000000000000e+03,3.298187500000000000e+03,4.643062500000000000e+03,3.194125000000000000e+03,3.226250000000000000e+03,3.221250000000000000e+03,2.698000000000000000e+03
4.690000000000000000e+02,3.088437500000000000e+03,4.588875000000000000e+03,3.463500000000000000e+03,3.781000000000000000e+03,2.996062500000000000e+03,2.868937500000000000e+03,3.275062500000000000e+03,4.608562500000000000e+03,3.153812500000000000e+03,3.200437500000000000e+03,3.180750000000000000e+03,2.657875000000000000e+03
4.700000000000000000e+02,3.123625000000000000e+03,4.629375000000000000e+03,3.500312500000000000e+03,3.818562500000000000e+03,3.036875000000000000e+03,2.908437500000000000e+03,3.317500000000000000e+03,4.653125000000000000e+03,3.185937500000000000e+03,3.233625000000000000e+03,3.214250000000000000e+03,2.701750000000000000e+03
4.710000000000000000e+02,3.119625000000000000e+03,4.609312500000000000e+03,3.490437500000000000e+03,3.802812500000000000e+03,3.026375000000000000e+03,2.895062500000000000e+03,3.309750000000000000e+03,4.630500000000000000e+03,3.189000000000000000e+03,3.222125000000000000e+03,3.200062500000000000e+03,2.687000000000000000e+03
4.720000000000000000e+02,3.087312500000000000e+03,4.581875000000000000e+03,3.458375000000000000e+03,3.769437500000000000e+03,2.993187500000000000e+03,2.854500000000000000e+03,3.275812500000000000e+03,4.611937500000000000e+03,3.142437500000000000e+03,3.191375000000000000e+03,3.161000000000000000e+03,2.654375000000000000e+03
4.730000000000000000e+02,3.115875000000000000e+03,4.610687500000000000e+03,3.478000000000000000e+03,3.809625000000000000e+03,3.027125000000000000e+03,2.889000000000000000e+03,3.312437500000000000e+03,4.642000000000000000e+03,3.170000000000000000e+03,3.212687500000000000e+03,3.190062500000000000e+03,2.679375000000000000e+03
4.740000000000000000e+02,3.145687500000000000e+03,4.637750000000000000e+03,3.514687500000000000e+03,3.838687500000000000e+03,3.043750000000000000e+03,2.914937500000000000e+03,3.348062500000000000e+03,4.663312500000000000e+03,3.188000000000000000e+03,3.232750000000000000e+03,3.207687500000000000e+03,2.700875000000000000e+03
4.750000000000000000e+02,3.142937500000000000e+03,4.629000000000000000e+03,3.507437500000000000e+03,3.831562500000000000e+03,3.042312500000000000e+03,2.907875000000000000e+03,3.341625000000000000e+03,4.671750000000000000e+03,3.184937500000000000e+03,3.232500000000000000e+03,3.200000000000000000e+03,2.695500000000000000e+03
4.760000000000000000e+02,3.150687500000000000e+03,4.625937500000000000e+03,3.516125000000000000e+03,3.840750000000000000e+03,3.046812500000000000e+03,2.911687500000000000e+03,3.353125000000000000e+03,4.669875000000000000e+03,3.182437500000000000e+03,3.238687500000000000e+03,3.204562500000000000e+03,2.702875000000000000e+03
4.770000000000000000e+02,3.139062500000000000e+03,4.617000000000000000e+03,3.500625000000000000e+03,3.818375000000000000e+03,3.027250000000000000e+03,2.896375000000000000e+03,3.336937500000000000e+03,4.642250000000000000e+03,3.165812500000000000e+03,3.216687500000000000e+03,3.177625000000000000e+03,2.682375000000000000e+03
4.780000000000000000e+02,3.161500000000000000e+03,4.629500000000000000e+03,3.519375000000000000e+03,3.840000000000000000e+03,3.042062500000000000e+03,2.902437500000000000e+03,3.361875000000000000e+03,4.677687500000000000e+03,3.182437500000000000e+03,3.234312500000000000e+03,3.195750000000000000e+03,2.697062500000000000e+03
4.790000000000000000e+02,3.141625000000000000e+03,4.608500000000000000e+03,3.495937500000000000e+03,3.816062500000000000e+03,3.025250000000000000e+03,2.882875000000000000e+03,3.340000000000000000e+03,4.650875000000000000e+03,3.160000000000000000e+03,3.220437500000000000e+03,3.165687500000000000e+03,2.668000000000000000e+03
4.800000000000000000e+02,3.147687500000000000e+03,4.614750000000000000e+03,3.503937500000000000e+03,3.827875000000000000e+03,3.028875000000000000e+03,2.896250000000000000e+03,3.367750000000000000e+03,4.649937500000000000e+03,3.164875000000000000e+03,3.220625000000000000e+03,3.168750000000000000e+03,2.683187500000000000e+03
4.810000000000000000e+02,3.120500000000000000e+03,4.577437500000000000e+03,3.477750000000000000e+03,3.794312500000000000e+03,2.994062500000000000e+03,2.856562500000000000e+03,3.331750000000000000e+03,4.623562500000000000e+03,3.131500000000000000e+03,3.192250000000000000e+03,3.139125000000000000e+03,2.646687500000000000e+03
4.820000000000000000e+02,3.104500000000000000e+03,4.563875000000000000e+03,3.469750000000000000e+03,3.791375000000000000e+03,2.984875000000000000e+03,2.853250000000000000e+03,3.327500000000000000e+03,4.616125000000000000e+03,3.119125000000000000e+03,3.169625000000000000e+03,3.119062500000000000e+03,2.631437500000000000e+03
4.830000000000000000e+02,3.115875000000000000e+03,4.569312500000000000e+03,3.475875000000000000e+03,3.800875000000000000e+03,3.000375000000000000e+03,2.849687500000000000e+03,3.348937500000000000e+03,4.623625000000000000e+03,3.123125000000000000e+03,3.188062500000000000e+03,3.133000000000000000e+03,2.642437500000000000e+03
4.840000000000000000e+02,3.116000000000000000e+03,4.557000000000000000e+03,3.471437500000000000e+03,3.796687500000000000e+03,2.985312500000000000e+03,2.844250000000000000e+03,3.346812500000000000e+03,4.621937500000000000e+03,3.123687500000000000e+03,3.179625000000000000e+03,3.114125000000000000e+03,2.634375000000000000e+03
4.850000000000000000e+02,3.121750000000000000e+03,4.565375000000000000e+03,3.479375000000000000e+03,3.798687500000000000e+03,2.987187500000000000e+03,2.847375000000000000e+03,3.344687500000000000e+03,4.618937500000000000e+03,3.116000000000000000e+03,3.176187500000000000e+03,3.115875000000000000e+03,2.636000000000000000e+03
4.860000000000000000e+02,3.103062500000000000e+03,4.539750000000000000e+03,3.456875000000000000e+03,3.776937500000000000e+03,2.968875000000000000e+03,2.825437500000000000e+03,3.328875000000000000e+03,4.606562500000000000e+03,3.095000000000000000e+03,3.155875000000000000e+03,3.094062500000000000e+03,2.616750000000000000e+03
4.870000000000000000e+02,3.099125000000000000e+03,4.523687500000000000e+03,3.456687500000000000e+03,3.772000000000000000e+03,2.961062500000000000e+03,2.814875000000000000e+03,3.334625000000000000e+03,4.610625000000000000e+03,3.088375000000000000e+03,3.153687500000000000e+03,3.085187500000000000e+03,2.610250000000000000e+03
4.880000000000000000e+02,3.101812500000000000e+03,4.521937500000000000e+03,3.441250000000000000e+03,3.775437500000000000e+03,2.964062500000000000e+03,2.819187500000000000e+03,3.347500000000000000e+03,4.599062500000000000e+03,3.086750000000000000e+03,3.154375000000000000e+03,3.079187500000000000e+03,2.607625000000000000e+03
4.890000000000000000e+02,3.123687500000000000e+03,4.538187500000000000e+03,3.467187500000000000e+03,3.800062500000000000e+03,2.979625000000000000e+03,2.828437500000000000e+03,3.356437500000000000e+03,4.640812500000000000e+03,3.101125000000000000e+03,3.161375000000000000e+03,3.098812500000000000e+03,2.619000000000000000e+03
4.900000000000000000e+02,3.143312500000000000e+03,4.518625000000000000e+03,3.483125000000000000e+03,3.805750000000000000e+03,2.985250000000000000e+03,2.839312500000000000e+03,3.372437500000000000e+03,4.639500000000000000e+03,3.111500000000000000e+03,3.177000000000000000e+03,3.097187500000000000e+03,2.630437500000000000e+03
4.910000000000000000e+02,3.140875000000000000e+03,4.528562500000000000e+03,3.493625000000000000e+03,3.825687500000000000e+03,2.999625000000000000e+03,2.847562500000000000e+03,3.384125000000000000e+03,4.651187500000000000e+03,3.129625000000000000e+03,3.174062500000000000e+03,3.111437500000000000e+03,2.629812500000000000e+03
4.920000000000000000e+02,3.135625000000000000e+03,4.497062500000000000e+03,3.482187500000000000e+03,3.815562500000000000e+03,2.991062500000000000e+03,2.827937500000000000e+03,3.370187500000000000e+03,4.660125000000000000e+03,3.106312500000000000e+03,3.161375000000000000e+03,3.096375000000000000e+03,2.621937500000000000e+03
4.930000000000000000e+02,3.130312500000000000e+03,4.488812500000000000e+03,3.480937500000000000e+03,3.812250000000000000e+03,2.994437500000000000e+03,2.828875000000000000e+03,3.369062500000000000e+03,4.653000000000000000e+03,3.099937500000000000e+03,3.150500000000000000e+03,3.078250000000000000e+03,2.624562500000000000e+03
4.940000000000000000e+02,3.146187500000000000e+03,4.510437500000000000e+03,3.511312500000000000e+03,3.839812500000000000e+03,3.008812500000000000e+03,2.844937500000000000e+03,3.383812500000000000e+03,4.677062500000000000e+03,3.111812500000000000e+03,3.160750000000000000e+03,3.101312500000000000e+03,2.627687500000000000e+03
4.950000000000000000e+02,3.137312500000000000e+03,4.494562500000000000e+03,3.500312500000000000e+03,3.836812500000000000e+03,2.997187500000000000e+03,2.829062500000000000e+03,3.388750000000000000e+03,4.668125000000000000e+03,3.110000000000000000e+03,3.163125000000000000e+03,3.087500000000000000e+03,2.621437500000000000e+03
4.960000000000000000e+02,3.130625000000000000e+03,4.472312500000000000e+03,3.494375000000000000e+03,3.823500000000000000e+03,2.985875000000000000e+03,2.820812500000000000e+03,3.374875000000000000e+03,4.655375000000000000e+03,3.090312500000000000e+03,3.146062500000000000e+03,3.067062500000000000e+03,2.606125000000000000e+03
4.970000000000000000e+02,3.137875000000000000e+03,4.466500000000000000e+03,3.493125000000000000e+03,3.829750000000000000e+03,2.989562500000000000e+03,2.829125000000000000e+03,3.391500000000000000e+03,4.661125000000000000e+03,3.095625000000000000e+03,3.152187500000000000e+03,3.072937500000000000e+03,2.606250000000000000e+03
4.980000000000000000e+02,3.143500000000000000e+03,4.452937500000000000e+03,3.496625000000000000e+03,3.821875000000000000e+03,2.986875000000000000e+03,2.825437500000000000e+03,3.399062500000000000e+03,4.646937500000000000e+03,3.098500000000000000e+03,3.154437500000000000e+03,3.075312500000000000e+03,2.610000000000000000e+03
4.990000000000000000e+02,3.131312500000000000e+03,4.434812500000000000e+03,3.483562500000000000e+03,3.797312500000000000e+03,2.966500000000000000e+03,2.809875000000000000e+03,3.394125000000000000e+03,4.631937500000000000e+03,3.080625000000000000e+03,3.131000000000000000e+03,3.047812500000000000e+03,2.589687500000000000e+03
