4.957600000000000229e+00,8.249629636338795535e-04,2.522767441405449063e-03,2.262881120259407908e-03,1.967818929188069887e-03
4.946509172259508702e+00,-1.244897985088755377e-04,-8.401946925005177036e-04,-5.466000684464233927e-04,-7.856909996917238459e-04
4.935467857142857184e+00,-1.959977107617305592e-04,5.684777097485493869e-04,1.519939105492085218e-04,2.274593007314251736e-04
4.924475723830735951e+00,6.906417693244293332e-04,-6.306426585069857538e-04,-1.421697579644387588e-04,1.962534738140675472e-03
4.913532444444444813e+00,-1.129052687247167341e-03,6.700564931634289678e-04,-2.734367117227520794e-04,6.365951931002200581e-04
4.902637694013304070e+00,1.922961924719857052e-03,3.220475355192320421e-05,-1.544965525681618601e-04,-7.494667652281350456e-04
4.891791150442478475e+00,-4.061316813022131100e-04,4.334286500125017483e-04,1.101328563891001977e-03,-4.445053746167104691e-04
4.880992494481236399e+00,-7.264064361152122729e-04,4.788251371792284772e-04,3.475036937743425369e-04,1.220777101480052806e-03
4.870241409691629997e+00,-4.353356871433788911e-05,-4.155272981734015048e-04,7.481416791961237323e-04,4.764046916534425691e-04
4.859537582417583046e+00,2.035350444202776998e-04,-1.232962431913620094e-03,1.788942381608649157e-04,-1.773393914845655672e-04
4.848880701754386457e+00,-8.317159881698898971e-05,8.232812451751669869e-04,-3.104780362264136784e-04,1.201247928293014411e-03
4.838270459518600575e+00,2.826999683747999370e-03,1.507531031165854074e-03,2.473514898156281561e-03,2.784620737656950951e-03
4.827706550218341164e+00,3.583814377634553239e-04,1.312621643592137843e-03,2.154203422833234072e-03,2.137221370503539219e-03
4.817188671023965085e+00,1.341360113656264730e-03,2.905896876654878724e-04,1.226884867719491012e-03,1.916952717692765873e-03
4.806716521739131665e+00,-7.585166713397484273e-05,8.645531852380372584e-04,1.753340733557706699e-03,1.791289287211839110e-03
4.796289804772234433e+00,6.114503539720317349e-04,2.352712135689216666e-05,1.099446636999346083e-03,1.007630484309629537e-03
4.785908225108225444e+00,5.687904231308493763e-04,-3.482406373223057017e-04,2.896859477914404124e-04,1.526017113064881414e-04
4.775571490280777986e+00,8.608797106717247516e-04,6.802317202527774498e-04,4.915818772133206949e-04,1.866528560640290380e-03
4.765279310344828545e+00,4.968836637999629602e-04,7.470597192877903581e-04,-1.404603044647956267e-04,1.165513656815164723e-03
4.755031397849463382e+00,7.861631761443277355e-04,2.490708175173494965e-05,8.263549680123105645e-04,1.792307077266741544e-03
4.744827467811159494e+00,4.047072707180632278e-04,2.181997733714524657e-04,2.316055251867510378e-04,-5.518925900105386972e-04
4.734667237687366637e+00,4.817812568944646046e-04,7.670995819353265688e-04,1.424959174983086996e-03,2.165534362575272098e-03
4.724550427350428627e+00,-3.353244983372860588e-04,4.494707500271033496e-04,4.604700188792776316e-04,-1.125038550526369363e-03
4.714476759061834166e+00,-3.857524206978268921e-04,5.932529466008418240e-04,2.591667616798076779e-03,-5.127725980855757371e-04
4.704445957446808713e+00,-1.479219121392816305e-03,-1.974331371457083151e-04,-7.636080481461249292e-04,-9.349430201837094501e-04
4.694457749469214569e+00,4.152579613219131716e-04,1.706213963643676834e-03,1.580453125370695489e-03,1.075666812539566308e-03
4.684511864406780468e+00,-5.927650545345386490e-04,6.536309456350863911e-04,2.097356243211834226e-03,-9.533700540487188846e-04
4.674608033826639364e+00,1.376888314553070813e-03,1.214331598930584732e-03,2.586466435786860529e-03,1.417542262061033398e-03
4.664745991561181526e+00,1.479355798437609337e-03,3.605835743655916303e-03,2.136870311915117782e-03,2.278610794746782631e-03
4.654925473684210502e+00,1.806330601539229974e-04,-8.695202041053562425e-05,1.487464464389631758e-03,-1.866314707513083704e-03
4.645146218487395728e+00,1.320799590757815167e-03,1.349456848402041942e-03,2.554214514475461328e-03,8.198915820685215294e-04
4.635407966457023576e+00,1.141722699685487896e-03,-5.220614802965428680e-04,1.073585553513112245e-03,-2.443908451823517680e-04
4.625710460251045930e+00,1.996403843804728240e-04,3.939681409974582493e-04,2.746816571743693203e-03,1.736648946462082677e-04
4.616053444676409434e+00,8.052278735704021528e-04,4.302166089473757893e-04,1.536584726636647247e-03,-2.208952651017170865e-04
4.606436666666667179e+00,8.924019075493561104e-04,-7.191220556705957279e-04,5.995022002025507390e-04,1.986538118217140436e-04
4.596859875259875494e+00,-1.381779347866540775e-04,-3.299899390185601078e-05,7.445554601872572675e-04,-6.518326017612707801e-04
4.587322821576763410e+00,3.464919764155638404e-04,6.424671764762024395e-04,1.011566670058527961e-03,4.153608069827896543e-04
4.577825258799172126e+00,1.125085310377471615e-03,-9.216070611728355289e-05,-2.367231836615246721e-04,5.114210716783418320e-05
4.568366942148760934e+00,6.032428718754090369e-04,2.277847543155075982e-04,4.021032582386396825e-04,-4.692835318564902991e-06
4.558947628865979596e+00,5.216324389039073139e-04,-3.563723284969455563e-04,1.169435845440602861e-04,2.420723567411187105e-04
4.549567078189300950e+00,1.223057272000005469e-03,-5.914813509662053548e-04,6.680204796793987043e-05,1.897097567962191533e-03
4.540225051334702222e+00,-9.437781773158349097e-05,5.842809077876154333e-04,-5.365101210372813512e-04,-4.548420365608762950e-04
4.530921311475410995e+00,-2.870524767786264420e-04,1.431574093658127822e-03,5.467097416840260848e-04,1.297326525673270226e-03
4.521655623721882122e+00,-7.126970194804016501e-05,1.235798569723556284e-03,7.005641155046760105e-04,5.468382596518495120e-04
4.512427755102041083e+00,1.315584353505983017e-03,9.136598600889556110e-04,-8.518968297721585259e-05,8.130227724905125797e-04
4.503237474541751162e+00,1.209019972520763986e-03,3.404127201065421104e-04,-1.938909726959536783e-04,-6.834167515989975072e-05
4.494084552845529323e+00,2.370357206018525176e-04,2.960323772640549578e-04,2.864451234927400947e-04,-4.908463060928625055e-04
4.484968762677485010e+00,-1.436739185010083020e-03,-1.533236976683838293e-03,-3.365198102983413264e-03,-2.526196512917522341e-03
4.475889878542510303e+00,8.707021215741406195e-04,7.924986275611445308e-04,-2.154039975721389055e-04,9.846414286585059017e-05
4.466847676767677022e+00,1.923663992783986032e-03,2.376041506067849696e-03,-7.453476373484591022e-04,5.241967264737468213e-04
4.457841935483871865e+00,3.794508529608719982e-04,1.461261594158713706e-03,2.504278536434867419e-04,8.843214372973307036e-04
4.448872434607646476e+00,2.558525775384623557e-04,2.131935175384569447e-04,1.286225603962520836e-03,1.864043315435992554e-04
4.439938955823293121e+00,1.291385504828213016e-03,8.098504549707286060e-04,-5.432381067294045351e-04,-6.797463297516515013e-04
4.431041282565129968e+00,2.282470775753608905e-03,-4.007473144156392664e-04,6.765342805010732263e-04,3.261637975811026990e-04
4.422179200000000421e+00,-1.697871557553298771e-04,-9.498299068582127802e-04,5.320344789652153850e-04,7.731402165518375114e-04
4.413352495009980281e+00,1.963635120773687959e-03,-6.979261279411730357e-04,-3.181259262419189326e-05,7.365329111053142697e-06
4.404560956175298969e+00,3.316020156489685178e-04,-1.835111266700550914e-03,-6.917039263498736545e-05,1.190483990285429172e-04
4.395804373757455252e+00,7.737307714705821127e-05,-9.556209988659247756e-04,-8.455617644358426332e-04,-1.342128682608745294e-03
4.387082539682540805e+00,1.020037149828567635e-03,-8.557979472243459895e-04,3.086737706325948238e-04,9.537167456983297598e-04
4.378395247524752953e+00,2.069608584861271083e-03,1.308294638874940574e-03,8.530314680683659390e-04,3.897920778399566188e-03
4.369742292490118807e+00,2.954099395992670907e-03,7.036057813820661977e-04,1.419507130776764825e-03,3.470233313237258699e-03
4.361123471400394358e+00,3.196792108610679861e-03,-2.789260179270058870e-06,9.581670346960891038e-04,2.959101044325507246e-03
4.352538582677166090e+00,3.976276178946136497e-03,1.243837896254262887e-04,7.734637974863289855e-04,1.716896099424047861e-03
4.343987426326130219e+00,1.419386389898136258e-03,6.015114577166968957e-04,6.287093929131515324e-04,2.419654621917288750e-03
4.335469803921569110e+00,1.054473013937240466e-03,3.101035108556970954e-04,1.471805870096432045e-03,3.846014871669467539e-03
4.326985518590998225e+00,-4.374573800305370241e-04,4.013582533843873534e-04,2.621376969727862161e-03,2.557245376920036506e-03
4.318534375000000480e+00,-4.971284161001676694e-04,1.248303304237197153e-03,1.374032508010714082e-03,3.489701502985553816e-03
4.310116179337232012e+00,-1.087528151401784271e-03,9.211268607032252476e-04,2.753787353867664933e-03,-7.015133451204746962e-05
4.301730739299610917e+00,-1.303334174735937268e-03,8.828288518998306245e-04,1.840910764258296695e-03,-1.861185985035263002e-03
4.293377864077670303e+00,-3.603423601816757582e-05,7.110907572496216744e-04,3.197234836989082396e-03,-4.238080749928485602e-03
4.285057364341086306e+00,1.042914983372611459e-03,1.911349590955069289e-04,3.508640514610306127e-03,-3.428786729273269884e-03
4.276769052224372203e+00,6.117915281720343046e-04,1.259782288798305672e-03,3.359235790412640199e-03,-2.935804774097050540e-03
4.268512741312741277e+00,4.162908171565504745e-04,2.488433701728354208e-04,3.289020754436933203e-03,-2.749946846961393021e-03
4.260288246628131326e+00,-6.475179397966712713e-04,1.542621311273251195e-03,2.039956357748451410e-03,-3.157388378895120695e-03
4.252095384615385498e+00,-8.288784920296166092e-05,1.021987054627970792e-03,3.307986742584034801e-03,-2.531404938054038212e-03
4.243933973128599213e+00,4.920375540677923709e-04,1.756715481860737782e-03,3.075592599543597316e-03,-9.680526227384689264e-05
4.235803831417625176e+00,2.235267431387910619e-03,1.552136517148028361e-03,3.114915780315641314e-03,2.080392458083224483e-03
4.227704780114723171e+00,-4.328423910919809714e-04,3.464997753326315433e-04,1.054769678376032971e-03,1.106293782868306153e-03
4.219636641221375051e+00,1.296986647503217682e-04,8.448788357782177627e-04,-2.139164942491333932e-03,9.376424204674549401e-04
4.211599238095238285e+00,1.617019242985406891e-03,-4.145532329857815057e-04,-4.608127987012267113e-03,-3.908252028850256465e-04
4.203592395437262930e+00,6.134628183644963428e-04,1.404083144734613597e-03,-5.011813013425125973e-03,1.171314253952004947e-03
4.195615939278937390e+00,1.065661033862852491e-03,2.652289579600619618e-03,-6.718571017700014636e-03,3.369921614648774266e-04
4.187669696969697597e+00,3.167128675158892293e-04,2.065715736534912139e-03,-4.664491665607783943e-03,1.018353286781348288e-03
4.179753497164461429e+00,-2.695128023333381861e-05,2.640947142936056480e-03,-6.335091893561184406e-04,2.476859185662760865e-04
4.171867169811321219e+00,4.473323942875140347e-04,3.279989709426445188e-03,-1.207568127938429825e-03,1.002122269710525870e-03
4.164010546139359725e+00,-1.804158146114787087e-04,1.473608306696405634e-03,-3.442007800913415849e-04,-1.145057295616425108e-03
4.156183458646617090e+00,-5.788564158137887716e-05,-5.659286216541659087e-05,1.401967374022206059e-03,4.324562023612088524e-04
4.148385741088180367e+00,-2.535215644456911832e-04,-1.932452363689662889e-03,-2.003636422159615904e-03,-2.358478177484357730e-04
4.140617228464419597e+00,-3.999116424893145449e-04,-1.441318083379883319e-03,-5.899967582081444561e-04,1.415308306604856625e-03
4.132877757009345565e+00,7.115942553355125710e-04,-2.487993278919020668e-03,1.008415466003498295e-03,3.102487562500755303e-04
4.125167164179105228e+00,1.051505205396097153e-04,-5.315206186423893087e-03,2.191160876463982277e-03,-6.605432172364089638e-04
4.117485288640596153e+00,1.397367872868926497e-03,-3.231885516470356379e-03,1.783675232218229212e-03,-5.771944961452390999e-04
4.109831970260223066e+00,1.512788569016265683e-03,-1.926000179082620889e-03,3.279321972513571382e-04,-1.366888631309848279e-03
4.102207050092764540e+00,2.123423488228581846e-03,-1.919418269153538859e-03,1.310153858867124654e-03,-1.897021178592694923e-03
4.094610370370371122e+00,2.137814011803129688e-03,-5.223238731559831649e-04,3.662216527118289378e-04,-2.155524348836479476e-03
4.087041774491682489e+00,1.100554687582189217e-03,3.512523426252300851e-04,-6.140138284536078572e-04,-1.844925944169517606e-03
4.079501107011070715e+00,8.067498802120098844e-04,5.140202065376797691e-04,-5.378522873797919601e-04,-8.031139714148594067e-04
4.071988213627992792e+00,-3.199376296834088862e-04,3.002918560014222749e-03,-7.283008435479132459e-04,5.475460729940095916e-04
4.064502941176471040e+00,-3.722859182744286954e-04,1.768115551385562867e-03,5.222970830800477415e-04,3.185802452208008617e-04
4.057045137614679220e+00,-4.674728130339644849e-03,2.165850994060747325e-03,-9.207765451719751582e-04,1.931718688865657896e-03
4.049614652014652094e+00,-4.708953110821312293e-03,1.425177753844764084e-03,-1.088842436729464680e-03,7.536065886597498320e-04
4.042211334552103352e+00,-9.861068456302746199e-04,2.091385473249829374e-03,2.049214181170100346e-04,1.359230807793210261e-03
4.034835036496351002e+00,-1.825275145165505819e-03,-7.835845644876826555e-05,-1.560336713737342507e-04,1.419872475707961712e-03
4.027485610200364441e+00,-2.165136793337296695e-04,-1.695468713023728924e-03,2.514448751753661782e-04,-9.773580568435136229e-04
4.020162909090909231e+00,9.417197979928459972e-04,-6.106278342485893518e-04,6.619013311137678102e-04,-1.025301469780970365e-03
4.012866787658802004e+00,1.484337804868118837e-03,2.228241646662354469e-03,1.148234270658576861e-03,-3.030998504982562736e-05
4.005597101449275499e+00,6.062230258976342157e-04,2.232859696960076690e-04,1.697603129287017509e-04,9.133967923844465986e-04
3.998353707052441752e+00,2.213158797530923039e-03,8.791441905486863106e-05,1.091602509404765442e-03,5.710356163035612553e-05
3.991136462093863191e+00,-1.495151376730063930e-03,-1.624912287297775038e-03,9.105123899644240737e-05,-1.403677561029326171e-04
3.983945225225225872e+00,-6.944445995031856000e-04,2.545242605265229940e-04,-1.570251035445835441e-03,-2.543343343859305605e-04
3.976779856115108647e+00,-1.341020988547825254e-03,-8.243916640822135378e-04,-5.692087825082126074e-05,5.930480724600784015e-04
3.969640215439856679e+00,2.318399583600694314e-05,7.998741093615535647e-04,-8.178328821486502420e-04,3.137581029477587435e-04
3.962526164874552226e+00,5.489629911608062685e-04,6.189812465891009197e-04,1.264589573111152276e-04,6.424589287234994117e-04
3.955437567084078676e+00,4.215728222334291786e-04,-3.404984013286593836e-04,-8.033840917960333172e-04,4.843545411858940497e-04
3.948374285714286280e+00,-1.121687892009504139e-04,1.377182488795369864e-04,1.105162349631427787e-03,1.379815897962544113e-03
3.941336185383244484e+00,-6.217672771526849829e-04,-6.216786532604601234e-04,-2.821759717335226014e-04,4.076220975548494607e-04
3.934323131672598173e+00,-6.658111324213678017e-04,-9.036945320985978469e-04,-7.068989666549896356e-04,3.960099402320338413e-03
3.927334991119006080e+00,-8.335547336173476651e-04,-1.689678065304178745e-04,4.837562664761207998e-05,4.320649351939209737e-03
3.920371631205674223e+00,-5.548699728024075739e-04,-8.343006666109431535e-04,-1.251523233804618940e-03,5.087784675197326578e-03
3.913432920353982603e+00,2.039330653133220039e-03,1.351335959043353796e-04,1.318263020948506892e-03,5.119497829582542181e-03
3.906518727915194500e+00,4.397149878059281036e-04,4.495336725085508078e-07,9.732244270708179101e-04,2.416769539195229299e-03
3.899628924162257704e+00,-1.312125987169565633e-03,-1.289015537622617558e-03,1.353017300061765127e-03,9.530724564683623612e-04
3.892763380281690555e+00,9.135411128227133304e-04,1.316930717621289659e-03,2.656663280504290015e-03,1.307944505242630839e-03
3.885921968365554147e+00,4.299955990063608624e-04,-5.539157282328233123e-04,2.620610182930249721e-03,8.654309217490663286e-04
3.879104561403508900e+00,-7.103523184923687950e-04,-1.854337879194645211e-04,2.921350584074389189e-03,1.327100064372643828e-03
3.872311033274956849e+00,-1.388035376294283196e-03,5.083528703835327178e-04,5.038507481003762223e-03,-2.297221931257809047e-04
3.865541258741259423e+00,6.267223725444637239e-04,1.261685731151374057e-03,4.457494037524156738e-03,2.508789002604316920e-03
3.858795113438045821e+00,7.835951055312762037e-04,1.243095714016817510e-03,1.734563886657269904e-03,6.903552610310725868e-03
3.852072473867595992e+00,4.680429615291359369e-04,6.067337276363105047e-04,-5.246193941275123507e-04,6.365367236867314205e-03
3.845373217391304443e+00,1.001443484710762277e-03,-3.579930671548936516e-05,6.115958822192624211e-04,9.585306092048995197e-03
3.838697222222222649e+00,5.630594278045464307e-04,1.609708861451508710e-03,1.924452766616013832e-03,1.121425893506966531e-02
3.832044367417677844e+00,7.882967111072503030e-04,3.172001706843730062e-04,1.472109973747137701e-03,7.063305849442258477e-03
3.825414532871972639e+00,-3.180766034347470850e-04,3.077599421885679476e-03,9.433522527615423314e-04,4.847400779908639379e-03
3.818807599309154366e+00,1.192674097183044069e-03,3.188774453519727103e-03,3.705585642819642089e-03,-2.262157126097008586e-03
3.812223448275862570e+00,1.635343287489376962e-04,2.646020618158217985e-03,4.414364315380225889e-03,-5.751256656367331743e-03
3.805661962134251564e+00,-4.574203630909323692e-04,3.102424755525134970e-03,9.365998837893130258e-03,-7.046279075439088047e-03
3.799123024054983144e+00,2.166883323297952302e-04,2.602204097456706222e-03,1.367669392493553460e-02,-9.806502421270124614e-04
3.792606518010291694e+00,-8.386744593735784292e-05,1.104763300645572599e-03,1.796153637405950576e-02,6.303018686594441533e-03
3.786112328767123891e+00,1.633813400076178368e-03,2.489451120709418319e-03,1.650549977784976363e-02,9.593829145160270855e-04
3.779640341880342369e+00,1.571097909618401900e-03,1.660643318246002309e-03,1.128556012554327026e-02,1.069404301233589649e-03
3.773190443686007089e+00,2.129278562279068865e-03,3.378326255187857896e-03,3.313607994641643018e-03,6.517884768982185051e-03
3.766762521294719779e+00,1.337666930339764804e-03,4.109479037197161233e-03,-2.822897513397037983e-04,5.114895495353266597e-03
3.760356462585034532e+00,1.541055211419006810e-03,4.418027171595895197e-03,-1.495511503890156746e-03,3.360573682584799826e-04
3.753972156196944354e+00,2.564381458796560764e-03,9.084336867090314627e-03,-3.592367051169276237e-03,-8.279103582026436925e-03
3.747609491525424108e+00,1.903542106447275728e-03,1.144371691907508648e-02,-3.565884151612408459e-03,-1.173899506829911843e-02
3.741268358714044062e+00,1.279884420000598766e-03,1.524332142435014248e-02,-2.291036900714971125e-03,-1.119615048082778230e-02
3.734948648648649172e+00,4.172590102825779468e-03,1.747337054985109717e-02,1.386175939842360094e-03,-2.508443079932476394e-03
3.728650252951096533e+00,1.628440579224843532e-03,1.511272603602265008e-02,-2.177669125558168162e-03,-5.950918690359685570e-03
3.722373063973064333e+00,6.711532432746025734e-04,9.533288568491116166e-03,1.441341526515316218e-03,-4.030801041153608821e-03
3.716116974789916760e+00,3.002753846885752864e-03,6.048573588486760855e-03,2.291180982865625992e-03,-3.936924491426907480e-03
3.709881879194631527e+00,3.611339678172953427e-03,-1.371406062389723957e-03,-2.294727959451847710e-03,-2.874895995773840696e-03
3.703667671691792673e+00,1.736170122967450880e-03,-1.299717606161721051e-02,-1.087904078303836286e-02,-2.938173311122227460e-03
3.697474247491638888e+00,6.944734893295390066e-03,-4.715639937785454094e-03,-6.460865421104244888e-03,1.456268329548038309e-03
3.691301502504173548e+00,8.299880104459589347e-03,-6.401919104973785579e-03,-9.866499967756681144e-03,-3.480778805169393308e-04
3.685149333333333832e+00,1.222056298320239875e-02,-2.390303590800613165e-03,-1.037790180998854339e-02,-4.853720624851121102e-04
3.679017637271214891e+00,5.159375014045508578e-03,-2.325178560568019748e-03,-1.298522012075409293e-02,-5.301908349792938679e-04
3.672906312292358866e+00,1.515123134595341980e-03,-1.919514990731840953e-03,-9.457319318244117312e-03,2.949665417872893158e-04
3.666815257048093635e+00,-1.410603350450401194e-03,-3.175382698827888817e-03,-4.532184615527512506e-03,-2.645755626872414723e-03
3.660744370860927521e+00,-3.140733245345472824e-03,-5.010884349758271128e-03,-1.951186648511793464e-03,-2.914749285992002115e-03
3.654693553719008392e+00,-4.127973505092086270e-03,-8.642510845675133169e-03,-9.916516955854604021e-05,3.344861279401811771e-04
3.648662706270627165e+00,-8.258313609985634685e-04,-1.233815512387081981e-02,1.752518664943636395e-03,-9.610761571821058169e-04
3.642651729818780826e+00,-3.211008277503424324e-03,-1.207651599406744936e-02,6.066590017326234374e-04,-1.344192003671196289e-03
3.636660526315790065e+00,-1.152766923041781411e-03,-9.595796946086920798e-03,-7.737251453363569453e-04,2.262269081256818026e-04
3.630688998357963992e+00,3.768921214941656217e-04,-8.014652219571871683e-03,-1.267437255592085421e-04,-1.060222875821636990e-03
3.624737049180327908e+00,-4.780603875587985385e-03,-4.352556121375528164e-03,-8.265479868896363769e-04,1.051231838573585264e-03
3.618804582651391932e+00,-1.696962503501708852e-03,-2.532794715079944581e-04,7.751575285510625690e-04,8.850913054629927501e-04
3.612891503267974258e+00,-5.095010704280866776e-03,-3.198311669621034525e-04,-8.472726131003582850e-04,3.610223516261612531e-04
3.606997716150081690e+00,-4.529633138645294821e-03,-9.745817442308180034e-04,9.726807911647483706e-05,8.121361715893726796e-04
3.601123127035830596e+00,-3.109395867795683444e-03,-7.950918898131931201e-04,1.440999621991068125e-04,-6.856402042103582062e-04
3.595267642276422926e+00,-3.513496048981323838e-03,-4.206731555314036086e-04,5.471519011734926607e-04,-9.495922586211236194e-05
3.589431168831169305e+00,-2.063165280560497195e-03,1.147863644291646779e-03,2.173544542529270984e-03,1.830613498896127567e-03
3.583613614262560976e+00,-5.882930418010801077e-03,3.694015495057101361e-04,1.451099610676465090e-03,-3.874297772199497558e-04
3.577814886731391919e+00,-3.487650002625741763e-03,-1.359671077807433903e-04,-1.091616601115674712e-03,-6.370668593262962531e-04
3.572034894991923171e+00,-1.440792515495559201e-03,-1.743654931033233879e-03,-7.251427350638550706e-04,2.216819134446268436e-04
3.566273548387097314e+00,-1.071976475941482931e-03,1.521740206953836605e-03,-5.300125885696616024e-04,5.099000964037259109e-04
3.560530756843800493e+00,-1.057895533449482173e-03,-9.561875558574683964e-04,6.748020614395500161e-04,1.485568764110212214e-04
3.554806430868167499e+00,-1.351797109236940742e-04,-1.697718926152447239e-04,2.318634833500254899e-04,4.776092182510183193e-04
3.549100481540930829e+00,-2.835016457538586110e-04,-5.216590034251566976e-04,-5.047715330874780193e-04,1.116603871196275577e-04
3.543412820512820804e+00,-3.109717363258823752e-04,5.458367741084657609e-05,-1.860559873421152588e-04,2.438405320390302222e-03
3.537743360000000337e+00,-1.728127417663927190e-03,-1.461050675061414950e-03,-1.389218397889635526e-03,-8.587969382460869383e-04
3.532092012779552981e+00,-3.648600077212904580e-04,-4.758423892781138420e-05,5.077972218714421615e-06,6.434781348616525065e-04
3.526458692185008736e+00,9.027590531331952661e-04,6.739236996509134769e-04,2.961416194011690095e-04,1.459077158415311715e-03
3.520843312101911149e+00,-2.150981705199228600e-03,-2.010604612223687582e-05,-2.640200236783130094e-04,-9.641368387747206725e-04
3.515245786963434149e+00,8.772415285420720465e-04,-2.976581654365872964e-04,-8.236794742515485268e-04,-1.452625592719414271e-04
3.509666031746031756e+00,-5.095757328490435611e-04,2.070995731628499925e-03,6.625831956625916064e-04,9.631855755287688226e-04
3.504103961965134850e+00,-6.607759987673489377e-04,-1.363969795420416631e-03,-2.217423939328000415e-04,4.167395431977638509e-04
3.498559493670886589e+00,1.070515832907403819e-03,-3.374962925590807572e-04,-4.083561070729047060e-04,9.132716877502389252e-05
3.493032543443918225e+00,1.081415412045316771e-03,1.448192859243135899e-03,1.804225634259637445e-03,1.244586981556494720e-03
3.487523028391167124e+00,-2.060300066659692675e-04,-1.720361304705875227e-03,-2.620580424263607711e-03,-7.636039790668291971e-04
3.482030866141732961e+00,5.688941200787667185e-04,-9.257833335141185671e-05,-5.640236713588819839e-04,3.380190582902287133e-05
3.476555974842767682e+00,-1.886699741589836776e-03,-3.592011144064599648e-04,9.403162584931124002e-04,9.504756867499963846e-04
3.471098273155416081e+00,1.086018130081356503e-03,-7.714201274211518466e-06,4.561177192954346538e-04,8.963452992247766815e-04
3.465657680250783912e+00,-6.938860283298708964e-04,-5.526281806851329748e-04,4.339426477599772625e-04,-3.301335918877157383e-04
3.460234115805947308e+00,4.143241258134366944e-04,3.136524906039994676e-04,5.183952735023922287e-04,-5.789851420558989048e-04
3.454827500000000384e+00,-1.173288648715242743e-03,5.045411662649712525e-04,6.141838166513480246e-04,-1.663695366005413234e-04
3.449437753510140592e+00,1.135438591518322937e-03,1.089306510493770475e-03,1.570403952428023331e-03,8.472392401017714292e-04
3.444064797507788711e+00,2.541028711675608065e-04,-4.766082274727523327e-04,1.448693819838808849e-05,4.177585833531338722e-05
3.438708553654743927e+00,1.159525685579865240e-03,1.316814599704230204e-03,5.059419504505058285e-04,-7.066603475323063321e-04
3.433368944099379316e+00,-8.284367322630714625e-05,1.139163587140501477e-03,4.430820699781179428e-04,-2.896051610150607303e-04
3.428045891472868423e+00,-3.037243768631014973e-04,1.446800861231167801e-04,-3.426991661399370059e-04,9.993343328460468911e-04
3.422739318885449133e+00,1.394597289618104696e-03,9.448556720599299297e-04,1.385440409649163485e-03,-6.829239555372623727e-05
3.417449149922720864e+00,1.785840468073729426e-03,1.247439799954008777e-03,1.118318733006162802e-03,1.242797934537520632e-03
3.412175308641975491e+00,8.258223915618145838e-04,1.753476444719126448e-04,-1.675116741353122052e-04,9.135617710853694007e-05
3.406917719568567371e+00,-1.681346589066379238e-04,-1.443393057343200780e-04,2.812177490341127850e-03,-4.250197889632545412e-05
3.401676307692308221e+00,1.487259161422116449e-03,3.473264569038292393e-04,6.624422148888697848e-04,-5.274455288599710912e-04
3.396450998463902415e+00,-1.518309882158064283e-03,-1.161256315754144453e-03,1.900238626149075571e-04,-1.003068382487981580e-04
3.391241717791411592e+00,1.392101473356888164e-03,-1.945633630384691060e-05,8.323611928062746301e-04,1.894685248771565966e-03
3.386048392036753896e+00,1.391519126627827063e-04,7.425431513183866628e-04,-4.646378029065090232e-04,-2.362866107432637364e-04
3.380870948012232535e+00,-2.750671992544084787e-04,1.236147907548001967e-03,5.017017329009831883e-04,-1.782650269888108596e-05
3.375709312977099863e+00,-1.551459008624078706e-04,-1.685173965597641654e-04,-4.686858719651354477e-04,-2.939302466984372586e-04
3.370563414634146771e+00,-5.606037752841075417e-04,3.028177525266073644e-04,-6.304942435235716403e-04,-3.644262196758063510e-04
3.365433181126332052e+00,6.026039882272016257e-04,-1.132757521190796979e-03,-7.415072759613394737e-04,-1.610785047887475230e-04
3.360318541033435302e+00,1.024561379381339066e-03,1.868086651484190952e-04,5.253055787761695683e-04,5.031202235841192305e-04
3.355219423368740905e+00,1.631859386179712601e-04,-9.722837185108801350e-04,3.647786052169976756e-04,1.877049680842901580e-03
3.350135757575757989e+00,-1.635143016756046563e-04,4.268079319444950670e-04,-5.779638013336807489e-04,2.059343067230656743e-03
3.345067473524962587e+00,1.516469070338644087e-03,-3.856236207866459154e-05,3.306916078145150095e-04,9.253810130758211017e-04
3.340014501510573997e+00,-8.114047886920161545e-07,-1.230701091117225587e-04,8.501264255755813792e-04,-9.667726098996354267e-04
3.334976772247360888e+00,-1.101997338992077857e-03,-6.911004638823214918e-04,-5.830574100400554016e-04,3.614649172050121706e-04
3.329954216867470063e+00,4.262913626007502899e-04,3.761048392334487289e-04,5.042146976848016493e-04,6.241452465474139899e-04
3.324946766917293406e+00,-4.475243281376606319e-04,1.820696020786272129e-03,6.446089573728386313e-04,-1.527142208033183124e-04
3.319954354354354820e+00,-2.009881027333904058e-04,9.027511773638252635e-04,9.400843100593192503e-04,1.431464230336132459e-03
3.314976911544228244e+00,6.305546776275150478e-05,1.249038714377093129e-04,9.162636119981470983e-04,3.893857865477912128e-04
3.310014371257485433e+00,1.174586376691877376e-03,3.088145176661782898e-04,8.272252307506278157e-05,2.946427463029976934e-03
3.305066666666666819e+00,1.884074510599020869e-03,-1.284183301322627813e-03,-4.307156996219418943e-05,1.544189379274030216e-03
3.300133731343283916e+00,2.042521573457634076e-04,1.220475038280710578e-03,1.235868177900556475e-03,2.492357045412063599e-03
3.295215499254843916e+00,1.038929034621105529e-03,1.586630128258548211e-04,-4.137077539780875668e-04,3.532598203491943423e-03
3.290311904761904938e+00,-1.960307035915320739e-04,1.069830770575208589e-03,1.013948829495348036e-03,5.259058132651261985e-03
3.285422882615156137e+00,8.239164499173057266e-04,8.735373867239104584e-04,8.468828318655141629e-04,8.494415003951871768e-03
3.280548367952522693e+00,-4.288658601581119001e-05,4.019794396299403161e-04,1.386582481245568488e-03,8.858931709255557507e-03
3.275688296296296986e+00,7.308401109185069799e-05,3.895835079674725421e-04,1.369391902699135244e-04,8.128026362101081759e-03
3.270842603550296435e+00,2.124746097251772881e-03,1.052668711054138839e-03,1.362227318168152124e-03,3.844757186016067863e-03
3.266011225997046186e+00,2.814280815073288977e-04,1.950563426362350583e-03,2.550631876147235744e-03,1.420301166945137084e-03
3.261194100294985354e+00,8.620904336567036808e-04,-1.711674352009140421e-03,1.366488686471711844e-03,-5.668341382261132821e-04
3.256391163475699457e+00,-4.765106596096302383e-04,1.675621042522834614e-04,3.264169998146826401e-03,-3.474323180853389204e-03
3.251602352941176832e+00,2.310412728547817096e-04,6.803391402172564995e-04,4.550962214125320315e-03,-3.624858589319046587e-03
3.246827606461086813e+00,2.923940028267679736e-04,3.387196902622235939e-04,3.503812694361840840e-03,-2.695219720408204012e-03
3.242066862170088548e+00,1.020098932713153772e-03,1.152960874605923891e-03,6.054095650142699014e-03,-2.268028634716756642e-03
3.237320058565154035e+00,1.116381962674495298e-03,5.955727719992864877e-04,7.471397415429237299e-03,-1.178952006739564240e-04
3.232587134502924453e+00,-1.911833301164733712e-04,1.834596951084677130e-04,6.674348693195497617e-03,-3.167365113768028095e-03
3.227868029197080713e+00,3.735611189767951146e-04,-5.782339667348423973e-04,3.289160049462225288e-03,-1.258857366337906569e-03
3.223162682215743757e+00,-4.385313177408534102e-04,4.680602232838282362e-04,-4.541331145446747541e-05,-7.570885682071093470e-04
3.218471033478893517e+00,2.045495943093555979e-03,2.500789371424616547e-03,5.913381610298529267e-04,-4.096793397366127465e-03
3.213793023255814507e+00,7.038826624921057373e-04,2.015019802911410807e-03,6.421755533665418625e-04,-1.442716734345594887e-03
3.209128592162554749e+00,-3.702049298226484098e-04,1.142952280133613385e-03,-2.584016953733225819e-03,-3.531719210513983853e-03
3.204477681159420666e+00,3.231754772059503011e-04,2.963531198474811390e-03,-3.427996944083133712e-03,-1.083460693735105451e-03
3.199840231548480851e+00,-1.441227104805875570e-04,5.089399915050307754e-03,-7.982104361872188747e-04,-1.330510709522059187e-03
3.195216184971098716e+00,9.661564236012054607e-04,3.998292635515099391e-03,-9.042668925758334808e-04,-1.918604102684184909e-04
3.190605483405483778e+00,5.468996987474383786e-04,3.048815946385730058e-03,-9.484717356826877221e-04,9.102322837861720473e-04
3.186008069164265155e+00,6.231356273929122835e-04,4.736171898912289180e-03,8.231425454141572118e-05,1.492125789809506387e-03
3.181423884892086384e+00,1.379644390908651985e-03,6.876330166051047854e-03,-4.915688304208742920e-03,7.043200075713684782e-04
3.176852873563218882e+00,2.256036532344296575e-05,2.370954784055356868e-03,-2.222007994078012416e-03,1.339868973445845768e-03
3.172294978479196725e+00,1.108260967612295644e-03,1.211745853652246296e-03,-3.561996692042157520e-03,1.142673145295702852e-03
3.167750143266476304e+00,-2.372178896621335298e-04,-1.034115144648239948e-03,-2.948371375168790109e-03,-3.796983510255813599e-04
3.163218311874106181e+00,1.647613069508224726e-03,3.501059982227161527e-04,-3.421803579840343446e-03,4.075030428793979809e-04
3.158699428571428935e+00,1.927098506712354720e-03,1.232818685821257532e-04,-7.827729159544105642e-04,-4.830362486245576292e-04
3.154193437945791878e+00,2.670435926120262593e-03,-1.231982867466285825e-03,-1.000404969090595841e-03,-1.038789889207691886e-03
3.149700284900284863e+00,4.214825639792252332e-03,-2.339018415113969240e-04,5.151226632733596489e-04,1.560618296480242861e-03
3.145219914651494086e+00,2.879754741570650367e-03,1.576823871801025234e-03,1.076893964636838064e-03,-5.078277827124111354e-04
3.140752272727273198e+00,3.377729724888922647e-03,4.351272946223616600e-04,1.333550691924756393e-03,-6.449167071878036950e-04
3.136297304964539734e+00,4.434203127857472282e-03,-1.024683705509232823e-03,-2.378681801928905770e-05,-1.453021217457717285e-03
3.131854957507082649e+00,4.523146169958636165e-03,-6.520281895063817501e-04,1.417583269358146936e-03,-1.538627338959486224e-04
3.127425176803395157e+00,3.191544143192004412e-03,-4.003795382232055999e-03,1.263721310806431575e-03,-2.048591704806312919e-05
3.123007909604520016e+00,2.377709406573558226e-03,-2.377195345616200939e-03,1.068127879989333451e-03,-4.739083642562036403e-04
3.118603102961918339e+00,-1.057280660461401567e-03,-1.334594066065619700e-03,1.969339484276133589e-03,3.708791550707246643e-04
3.114210704225352178e+00,-4.072176651789050084e-03,-5.636146328470204026e-03,-3.259977747802622616e-03,-2.641260501150100026e-03
3.109830661040787980e+00,1.473171112593263388e-03,-1.387080341373803094e-03,6.292310172284487635e-04,-1.074141800927463919e-05
3.105462921348315142e+00,2.302353725099237636e-03,-3.615398782130796462e-04,1.089195041458879132e-03,-8.327093128173146397e-04
3.101107433380084988e+00,1.281131085306697059e-03,-1.613112452105269767e-03,-5.214079374127322808e-04,1.601990506969741546e-04
3.096764145658263967e+00,2.190297538618324324e-03,-1.537814628136402462e-03,3.485733377601718530e-04,-1.543099251648527570e-04
3.092433006993007272e+00,2.376322375312156510e-03,3.502502113406080753e-05,9.721149172037257813e-04,1.423615876774420030e-04
3.088113966480447115e+00,2.006658670325123239e-03,1.145186742178339045e-03,9.072068860405124724e-05,-2.888571361836511642e-04
3.083806973500697435e+00,-8.161306395777501166e-04,3.088284934165130835e-04,9.374863402626942843e-04,5.347233309294097126e-04
3.079511977715877702e+00,-2.435164555208757520e-03,-3.906031861333758570e-04,-6.215430780684982892e-04,-7.474288395314943045e-06
3.075228929068150485e+00,-4.379291329314582981e-03,-5.807553743579774164e-04,-2.786335347536805784e-03,9.167255661850504111e-04
3.070957777777778119e+00,-2.264660184664535336e-03,1.549644181068288162e-03,6.254152140172664076e-05,2.809591742334305309e-04
3.066698474341193581e+00,-4.180661389909801073e-03,-8.146194886649027467e-05,-2.175474932300858200e-03,1.337669746135361493e-04
3.062450969529086464e+00,-2.465432076860452071e-03,1.250390010682167485e-03,2.203176863986300305e-04,1.742269930218753871e-03
3.058215214384509384e+00,-1.249147077032830566e-03,1.435575615232664859e-03,-6.138841481515555643e-04,-1.623196485525113530e-04
3.053991160220994594e+00,-3.414570310269482434e-03,8.679966194904409349e-04,1.995982165681198239e-04,5.737598257837817073e-04
3.049778758620689700e+00,-5.786334586446173489e-04,1.612121694051893428e-03,-1.830825713113881648e-04,8.098792532109655440e-04
3.045577961432507141e+00,3.581030887289671227e-04,5.512017605724395253e-04,8.036150829866528511e-04,2.129867400071816519e-03
3.041388720770289211e+00,8.148409979185089469e-04,6.127003725850954652e-04,1.100214615235017845e-03,2.775171308712742757e-03
3.037210989010989515e+00,1.245105057023465633e-03,-4.300815344322472811e-04,1.361831227768561803e-03,2.384463427006267011e-03
3.033044718792867744e+00,1.512491308858443517e-03,-1.184086657303851098e-03,8.275358959508594126e-04,4.427049202604393940e-03
3.028889863013699113e+00,8.027597550608334132e-04,-2.545161478337831795e-03,1.484951273596379906e-03,5.259213603494572453e-03
3.024746374829001550e+00,2.292512966960202903e-03,9.835215769271599129e-04,1.731370959532796405e-03,7.214841419227013830e-03
3.020614207650273553e+00,9.916137787513434887e-04,-6.576472478627692908e-04,1.218863140820758417e-03,6.086518005758989602e-03
3.016493315143247145e+00,2.081628108498989604e-03,-9.512986689514946193e-04,1.937115401233313605e-03,3.222484650905244052e-03
3.012383651226158143e+00,1.601755117007996887e-03,4.416318697622045875e-04,1.114654313823848497e-03,1.185226592497201636e-03
3.008285170068027536e+00,1.675428640737663954e-03,-4.992272288291133009e-04,6.101893013692460954e-04,-1.901951996842399240e-03
3.004197826086956624e+00,8.770661124799516983e-04,-4.804369855264667422e-04,6.663099775323644280e-04,-5.136354842761647888e-03
3.000121573948440368e+00,-2.925521130237029865e-05,3.301097040093736723e-04,1.080560982700262684e-03,-5.214044926105998456e-03
2.996056368563686068e+00,8.169801221811212599e-04,4.684945351982605644e-04,3.640699178504291922e-03,-6.407652257621521130e-03
2.992002165087956911e+00,-1.881728238004143350e-03,5.271776899462565780e-05,2.851874896350636845e-03,-7.302447587335336721e-03
2.987958918918919071e+00,-3.857492618408286944e-03,3.207453682989580557e-04,5.383696005083038472e-03,-4.908713945042109117e-03
2.983926585695007017e+00,-1.347375542536610737e-03,7.092076784829259850e-04,5.371519326217821799e-03,-2.519137360650347546e-03
2.979905121293800807e+00,-7.937397558634984307e-04,5.731600322178564966e-05,6.251971557503566146e-03,-1.224432326125679538e-04
2.975894481830417604e+00,-3.872686402246472426e-04,1.448548886401113123e-03,1.356774620944634080e-03,-5.646987201544106938e-04
2.971894623655914280e+00,-1.299855954130180180e-03,-4.295890703360782936e-04,-4.283347407181281596e-03,-9.298450386268086731e-04
2.967905503355705132e+00,-1.509271402483136626e-03,1.250965193321462721e-03,-4.291574186936486512e-03,8.172470670615439303e-04
2.963927077747989802e+00,-2.099148368870373815e-04,3.979555905971210450e-03,-5.071375629086105619e-03,1.246830053787562065e-03
2.959959303882195858e+00,-1.396693787683034316e-04,1.241947313246782869e-03,-8.108882066153455526e-03,-9.524419583613052964e-04
2.956002139037433363e+00,2.547480386056122370e-03,3.578789859602693468e-03,-5.287457039230503142e-03,1.034718405207968317e-03
2.952055540720961435e+00,4.136332049711199943e-04,4.845706354899448343e-03,-3.647047777121770196e-03,-3.685541742015630007e-04
2.948119466666666799e+00,-7.409467798424884677e-06,2.219793132098857313e-03,-2.838599841197719797e-03,-1.505931686551775783e-05
2.944193874833555657e+00,1.679369833254895639e-03,3.718813626619521528e-03,1.886764552182285115e-03,-5.702893254238006193e-04
2.940278723404255778e+00,2.944323964584327769e-03,5.521015829799580388e-03,1.672861576935247285e-03,3.938825175282545388e-03
2.936373970783533238e+00,-4.196904646960319951e-04,-7.570771922473795712e-04,-8.672681069583632052e-04,1.209263564760476584e-03
2.932479575596817600e+00,-3.546626876413938589e-04,-1.817663396650459617e-03,4.243114372002310120e-04,4.224237427479238249e-04
2.928595496688742195e+00,1.572275195940164849e-03,-4.917639347695512697e-03,-7.646588255738606676e-04,1.796974666831374634e-03
2.924721693121693278e+00,2.076352546737325611e-03,-3.619779798100353219e-03,7.996363219717750326e-04,-8.913551755540538579e-05
2.920858124174372517e+00,3.390458459762157872e-05,-1.864734487753594294e-03,-7.785995212543639354e-04,1.721262597129680216e-04
2.917004749340369685e+00,1.297952111144695664e-03,-1.851144991633191239e-03,4.827063312404789031e-04,8.323025749632506631e-04
2.913161528326746019e+00,2.461702533764764667e-03,-1.129216961544443620e-03,3.862892854158417322e-04,-4.936688374073128216e-04
2.909328421052631786e+00,2.834435112163191661e-03,-2.451807874422229361e-03,4.496077908697770908e-04,-5.022560935685760342e-05
2.905505387647832283e+00,2.491172287591325585e-03,-2.611347363199456595e-03,-1.884249504655599594e-04,-1.196931571030290797e-04
2.901692388451444060e+00,1.097707718145102262e-04,-1.574954634634195827e-03,-7.673531508771702647e-04,3.903461765730753541e-04
2.897889384010485347e+00,-9.015342311613494530e-04,-1.651176316954661161e-04,7.570469128950207960e-04,-5.463678244268521667e-04
2.894096335078534477e+00,-1.448826249543344602e-03,-8.603780224802903831e-04,9.448096352571155876e-04,3.266651729063596576e-04
2.890313202614379406e+00,-5.547704422497190535e-04,-6.637791861976438668e-04,1.609268856554990634e-04,8.274937063106335700e-04
2.886539947780678794e+00,-2.889811137720244005e-03,-6.592031786567531526e-05,2.266748888359870762e-03,1.059898544554016553e-03
2.882776531942634168e+00,-1.441784115741029382e-03,1.085063918253581505e-03,4.325090294514666311e-04,-3.098265851804171689e-04
2.879022916666666987e+00,-1.197009631141554564e-03,-3.222021132387453690e-04,-1.328366615780396387e-04,3.488599759293720126e-06
2.875279063719116124e+00,-2.133941487045376562e-03,9.054151123564224690e-04,-3.629189195635262877e-04,-2.644794167281361297e-04
2.871544935064935355e+00,-2.667850701982388273e-03,1.688625224232964683e-03,5.233169686107430607e-04,8.389480904043011833e-04
2.867820492866407722e+00,4.589573836710769683e-03,6.753711088094860315e-03,5.333925364539027214e-03,6.051681339158676565e-03
2.864105699481865663e+00,-3.021979209734126925e-04,8.328291669386089779e-04,1.533553859189851210e-05,-1.771520219335798174e-04
2.860400517464424475e+00,9.125050401053158566e-04,1.432777327863732353e-03,7.929002640594262630e-05,4.280909906810848042e-04
2.856704909560723760e+00,-3.079360467381775379e-04,1.148227456724271178e-04,6.880982205075270031e-04,8.958428311416355427e-04
2.853018838709677762e+00,3.182616965204942971e-04,1.869578267360338941e-03,-2.666706568561494350e-04,1.441642079043958802e-03
2.849342268041237247e+00,8.959738424891838804e-04,1.166494732387945987e-03,4.060897699673660100e-04,1.101935546103050001e-03
2.845675160875161591e+00,3.009221404681738932e-04,8.250995706475805491e-04,8.146149266394786537e-04,3.625814442784758285e-04
2.842017480719794875e+00,5.712239635613514110e-04,2.831456858984893188e-04,4.394728912302525714e-04,-3.500781876937253401e-04
2.838369191270860625e+00,5.663897209160495549e-04,7.425016478919133078e-04,2.115497220984252635e-03,1.007895174097939162e-03
2.834730256410256555e+00,1.429852012734045275e-03,-8.787647179815394338e-04,3.500233979139011353e-04,4.895473321084864438e-04
2.831100640204865737e+00,1.879593872217810713e-03,1.862040640844497830e-03,1.334127490736136679e-03,9.301147165388101712e-04
2.827480306905370888e+00,6.517185185657581314e-03,4.693166043580276892e-03,5.722203863115282729e-03,4.478341825233655982e-03
2.823869220945083303e+00,2.021727210376411676e-03,1.429316253052093089e-03,1.829610978347773198e-03,6.824468873674049973e-04
2.820267346938775788e+00,-5.366529007915232796e-04,-4.866216504524345510e-04,-1.357916153210680932e-03,-1.955570660356897861e-04
2.816674649681529363e+00,-6.068542206776328385e-04,-2.228838461633131374e-04,2.664591302163898945e-04,9.983706859202357009e-04
2.813091094147583071e+00,5.023054172852425836e-04,-1.081523168977582827e-03,3.749739498744020239e-04,-5.804410106975410599e-04
2.809516645489199771e+00,-1.843207101046573371e-04,-1.065736807504436001e-03,3.531891265993181150e-04,3.514997115416917950e-05
2.805951269035533269e+00,1.997862691496266052e-04,1.626092745937057771e-03,7.631633552591665648e-04,2.694251625143806450e-04
2.802394930291508324e+00,1.870943397079827264e-04,9.835825730988290161e-04,-1.290708227315917611e-03,1.582326203788397834e-03
2.798847594936709093e+00,1.592965345480479300e-04,-4.925217654090374708e-04,-4.315450642025098205e-04,1.240081969626771752e-03
2.795309228824273351e+00,-1.163191209343494847e-04,-1.156852755229920149e-03,-2.497579916962422431e-04,7.175013433879939839e-04
2.791779797979798250e+00,-3.379729828338895459e-04,-2.156745740649057552e-04,1.879739329524454661e-04,-1.069570611434755847e-03
2.788259268600252749e+00,1.365511929179774597e-03,1.038136289935209788e-03,9.684993601695168763e-04,1.092646624783810694e-03
2.784747607052897145e+00,3.560391619430447463e-04,8.275646523543400690e-04,6.252435923670418561e-05,1.261184197574038990e-03
2.781244779874214146e+00,6.315543487289687619e-05,7.774159826112736482e-04,4.443642465048469603e-04,-5.795862798549933359e-04
2.777750753768844394e+00,-6.947904134904092643e-04,-3.499729027680587023e-04,-1.142415066624380415e-03,-1.193161615447024815e-04
2.774265495608532195e+00,-7.446540375894983299e-04,8.773241474955284502e-04,-4.030568561574909836e-06,3.187953152519185096e-04
2.770788972431077912e+00,-1.525770870102860499e-03,8.003187931535649113e-04,3.619064445956610143e-04,3.531810270942514762e-04
2.767321151439299243e+00,-9.852806942944880575e-04,8.598036083640181459e-05,4.589434433910355438e-04,1.526761636341689155e-03
2.763862000000000041e+00,5.984118706692242995e-04,1.010403748296084814e-03,1.016073142636741977e-03,1.114209709157876205e-03
2.760411485642946694e+00,7.925503787191701122e-04,1.219329205923713744e-04,1.679392512869526399e-03,7.658908161829458550e-04
2.756969576059850713e+00,-1.067098542989697307e-03,-9.957216207112651318e-04,-2.170124331314582378e-03,-1.828850334277376533e-03
2.753536239103362870e+00,6.183463410707190633e-04,-8.848529669194249436e-04,-2.933866016974207014e-05,2.927460118371527642e-04
2.750111442786070004e+00,8.372315878659719601e-04,1.124866331792873098e-03,2.098746936553652631e-03,4.441152705112472177e-04
2.746695155279503364e+00,7.992979371920228004e-04,1.965941516118618893e-03,9.390195509695331566e-04,5.901632284803781658e-04
2.743287344913151404e+00,1.204954232889576815e-04,7.347953164753562305e-04,8.778491446719272062e-04,-2.685937902242585551e-04
2.739887980173482340e+00,1.587010996445314959e-03,3.852411650768772233e-04,7.193602596089476719e-04,1.197500863781897351e-03
2.736497029702970707e+00,-6.233878766579437070e-04,-1.218963416249607690e-05,-7.976301276357844472e-06,-2.877992428693687543e-04
2.733114462299135017e+00,-7.981237031344790012e-04,-6.039550712557684164e-04,8.281685286419815384e-04,1.973651988009805791e-04
2.729740246913580748e+00,4.651388035199488513e-04,-3.072675604016694706e-04,-3.742958524526329711e-04,1.819318029447458684e-03
2.726374352651048216e+00,1.350038135569775477e-03,1.261765472463594051e-03,2.955549407488433644e-04,7.739346401649527252e-04
2.723016748768473327e+00,8.420942613156512380e-04,5.940670680502080359e-04,1.057980414316261886e-03,4.008154537586960942e-04
2.719667404674046995e+00,1.150984949163103011e-04,1.515348369139246643e-03,-8.681117851665476337e-04,4.476630747376475483e-04
2.716326289926290105e+00,4.961391168762929738e-04,5.717166095564607531e-04,8.056782999119604938e-04,9.376288453495362774e-04
2.712993374233129362e+00,4.624103839887538925e-04,-1.363855062663787976e-04,5.535841773962602019e-05,1.191071993616787950e-03
2.709668627450980694e+00,1.776361087650002446e-03,-8.629069789094501175e-04,3.098238157690502703e-04,8.706318294571246952e-04
2.706352019583843749e+00,-6.511615888484811876e-04,7.111280929166241549e-04,5.268205386528279632e-04,9.132148402386519592e-04
2.703043520782396403e+00,6.369386537699028850e-04,1.060897133356775157e-03,-2.044922584900632501e-04,2.959097200800897554e-04
2.699743101343101692e+00,-2.216973953181877732e-04,1.076777464277256513e-03,7.098880632838699967e-05,-2.055241748166736215e-04
2.696450731707317416e+00,1.513489580247551203e-03,1.506874023107229732e-03,1.392900929204188287e-03,1.015934277802443830e-03
2.693166382460414177e+00,-1.908749018184607849e-04,-7.030948472674936056e-04,-4.887779414275428280e-05,9.177403298963326961e-04
2.689890024330900520e+00,6.591793344341567717e-04,-9.195898819598369300e-04,1.464058978854154702e-03,9.285929845646023750e-04
2.686621628189550748e+00,8.997259210445918143e-04,1.385944106004899368e-04,6.884417907713213935e-04,1.414739665960951243e-03
2.683361165048543828e+00,7.115641665222938173e-04,1.838975322243641131e-03,-9.713826830193283968e-05,1.031372138641017955e-03
2.680108606060606746e+00,3.586846714824787341e-04,6.988397399254608899e-04,1.289871540393505711e-03,3.838842785626184195e-04
2.676863922518160077e+00,-4.744824091176269576e-04,1.244484847120475024e-04,1.626554480935737956e-04,-3.071085261581174564e-04
2.673627085852479102e+00,1.244324386789230630e-03,5.954078351351199672e-04,-4.295476810511900112e-04,3.043327778868842870e-04
2.670398067632850481e+00,1.181575945338408928e-03,1.220048120558203664e-04,2.415757855487754568e-03,4.524829232650517952e-04
2.667176839565741808e+00,-4.297005853004520759e-05,8.053814963204786181e-04,7.734742212051060051e-04,6.766599271941231564e-04
2.663963373493976494e+00,-7.366377876678598113e-04,-9.032838988787261769e-05,2.722813260334078223e-04,1.154884259449318051e-03
2.660757641395908646e+00,1.141129875577462371e-03,-1.160281453849165700e-04,4.312330679567821790e-04,6.639229022766812705e-04
2.657559615384615714e+00,2.416088204881816637e-04,5.489750546985305846e-04,1.194346048578154296e-03,1.047677415044745430e-03
2.654369267707083146e+00,1.178763704956509173e-04,-6.327026267172186635e-05,4.582701717481540982e-04,-1.066971053660381585e-04
2.651186570743405468e+00,1.136830760515294969e-03,4.786221597896656021e-05,-2.727549554037977941e-04,-6.573484856744471472e-04
2.648011497005988257e+00,1.768661886671907268e-03,6.003505386615870520e-04,7.665203738724812865e-04,1.543280855457851430e-03
2.644844019138756330e+00,7.829201385902706534e-04,-1.228351777172065340e-03,1.357961054054612760e-03,4.751258720716577955e-04
2.641684109916368151e+00,3.574015536287333816e-04,9.601221863704267889e-04,-2.255934050481300801e-04,1.192332788832572987e-03
2.638531742243437339e+00,1.005247878310910892e-03,1.371006814224529080e-03,4.047200800414429978e-04,-1.416336235706694424e-04
2.635386889153754630e+00,8.217708455049432814e-04,1.559210953928413801e-03,-3.104459688074712176e-04,1.134687263402156532e-03
2.632249523809524483e+00,-4.495484167819085997e-04,1.071548304025782272e-03,-6.211857803464226890e-04,-4.133659494982566684e-04
2.629119619500595029e+00,7.600172702950658277e-04,5.126477390149375424e-04,1.622466812477796338e-03,1.004027772069093771e-04
2.625997149643705786e+00,5.428016438600025140e-04,5.787633162981364876e-04,1.266440855033579282e-03,8.574544153816532344e-05
2.622882087781732263e+00,-5.844854695169487968e-04,1.507299490185687318e-03,2.505269620996841695e-03,5.286155137582682073e-04
2.619774407582938558e+00,6.668345199614122976e-04,-1.255928200407652184e-04,1.739566124342672992e-03,2.714489601203240454e-04
2.616674082840236615e+00,-4.055233675899216905e-04,6.843999194643402006e-04,5.884382562726386823e-04,6.815550841565709561e-04
2.613581087470449482e+00,7.392785955744329840e-04,1.243961336513166316e-03,3.583070265449350700e-04,8.761334061091474723e-04
2.610495395513577677e+00,1.256306865343503887e-03,5.680990229848248418e-04,-2.410694241916644387e-04,-2.084078896587016061e-04
2.607416981132076206e+00,1.214392070323810913e-03,1.665578199208539445e-03,5.881973975192522630e-04,1.187102523545036092e-03
2.604345818610129815e+00,2.125868479197379202e-03,1.661544565649819560e-03,1.371473957988200709e-03,9.202604360325494781e-05
2.601281882352941555e+00,-8.347351813426939771e-04,-1.237248434335924685e-03,-8.013017250050324947e-04,5.758857878390699625e-05
2.598225146886016912e+00,2.379740499236504547e-04,-4.340066261647734791e-04,1.581050573349784827e-03,3.891050910169724375e-04
2.595175586854460370e+00,9.143194756688899361e-04,5.002761281502898782e-05,-7.726577036919479724e-04,6.145382940303534269e-04
2.592133177022274637e+00,1.124846778111532331e-03,-8.037094266910571605e-05,-4.341273142927093431e-05,2.982329169753938913e-04
2.589097892271662982e+00,-8.850456988511723466e-04,-2.129504023287154268e-04,-7.789466217218432575e-04,-1.463219978177221492e-04
2.586069707602339562e+00,3.779749404202448204e-04,1.266047604076447897e-03,7.051310130918864161e-04,3.847406378554296680e-04
2.583048598130841533e+00,7.647703350812662393e-04,6.264316252782009542e-04,-4.948044397679041140e-04,2.511085358491982333e-04
2.580034539089848700e+00,1.745328376273391768e-03,2.365256176744878758e-03,2.148209804545331281e-03,1.594061778632749338e-03
2.577027505827506282e+00,6.952884086786070839e-04,3.597027171053923666e-04,1.879159186955803307e-03,1.223270011905697174e-03
2.574027473806752120e+00,1.341301316642784514e-03,1.577990316491195699e-03,1.815412374526204076e-04,2.160866229132807348e-04
2.571034418604651428e+00,1.350283655483508483e-04,-5.738421732530696318e-04,9.377225323987659067e-04,5.658189402311109006e-04
2.568048315911730661e+00,-1.171427084045717493e-05,-2.172143740608589724e-05,1.084371390788874123e-03,1.852342291385866702e-03
2.565069141531322927e+00,-8.811102088657207787e-05,1.436464177459129132e-03,-4.210382849123561755e-04,1.660157875448931009e-03
2.562096871378911178e+00,1.178299477942346130e-03,-3.271841032983502373e-04,1.341264077382220421e-03,5.128314187459181994e-04
2.559131481481482062e+00,7.277359036379493773e-04,-2.066445267701055855e-04,-6.532808274641865864e-04,7.234595341287786141e-05
2.556172947976878884e+00,1.259613920410629362e-03,4.730422951979562640e-04,7.773616075610334519e-04,-6.041442302375799045e-04
2.553221247113164338e+00,7.082878132678160910e-04,9.505568777967710048e-04,1.360928054054966196e-04,1.243694401637185365e-03
2.550276355247981908e+00,1.081199254258535802e-03,-4.452525445231003687e-04,-1.754634959070244804e-04,-8.074845027294941247e-05
2.547338248847926589e+00,5.202180177548143547e-04,2.111516969307558611e-04,4.402822341944556683e-04,-3.793996838794555515e-04
2.544406904487917398e+00,4.654219728763564490e-04,-7.105200984369730577e-04,2.058393966763105709e-03,1.537799107609316707e-06
2.541482298850575194e+00,3.773516364162787795e-04,1.095197072118025972e-03,2.750790663412772119e-04,6.092261301091639325e-04
2.538564408725603183e+00,-1.049499385771923698e-03,-1.874966728792060167e-03,-1.814945542719215155e-03,-2.225418367743259296e-03
2.535653211009174957e+00,2.001916182052809745e-04,9.301303834945429116e-04,4.481720725380000658e-04,7.929499302008480299e-04
2.532748682703322096e+00,-2.484801570972194895e-04,1.142102591984439641e-04,-4.155344850005349144e-04,1.752233056322438642e-04
2.529850800915331988e+00,7.534880255661846604e-04,1.124553121371718589e-03,8.702211157469719183e-04,1.658022993069607764e-04
2.526959542857142971e+00,3.897435976796259638e-04,9.163773302134359255e-05,-2.448778377583948895e-04,2.636712815728969872e-05
2.524074885844749261e+00,-1.510561913164565340e-03,5.066739231551764533e-05,1.215239264183765044e-03,8.136649457810563035e-04
2.521196807297605424e+00,-7.586793990412843414e-04,9.630279023440380115e-04,-6.716329626215156168e-04,-1.408488942615804262e-04
2.518325284738041514e+00,1.012804968922864646e-03,1.016813332171295770e-03,6.228793909031082876e-04,4.247322976880241185e-05
2.515460295790671541e+00,4.619766655196144711e-04,-2.053380826509965118e-04,1.167756514860229800e-03,8.777305502007948235e-04
2.512601818181818825e+00,-3.418719370529288426e-04,1.737585640512406826e-03,-2.927813911810517311e-04,-1.043797283273306675e-05
2.509749829738933347e+00,4.549935561044549104e-04,3.727741423062980175e-04,-7.683518524572718889e-04,-5.187894239497836679e-04
2.506904308390022873e+00,2.773055730358464643e-04,7.026934017630992457e-04,-7.175814953370718285e-04,7.180181955845910124e-05
2.504065232163080523e+00,5.264975061436416581e-05,1.556834213261026889e-04,1.637890165511635132e-03,5.616075068246573210e-04
2.501232579185520333e+00,5.027502811572048813e-05,-3.920723729606834240e-04,2.960751371574588120e-04,1.524058741779299453e-03
2.498406327683615924e+00,-1.135371967393439263e-04,-1.701141568446473684e-03,-9.156409541901666671e-04,5.000030614610295743e-04
2.495586455981941842e+00,7.993381491360196378e-04,8.865262443578103557e-04,-1.520937763416441157e-03,-2.462088796164607629e-04
2.492772942502818889e+00,2.985398241435177624e-04,-1.761264938977546990e-04,8.317996935147675686e-04,8.365131034224759787e-04
2.489965765765766115e+00,8.329228076036088169e-04,6.411145823221886531e-04,1.677822014244156890e-03,6.853718223283067346e-04
2.487164904386951925e+00,-6.472137210948858410e-04,7.482517580683634151e-04,5.147313891029625665e-04,5.209111172916891519e-04
2.484370337078651847e+00,1.451051776712120045e-03,-3.218205361008585896e-04,-2.891119220294058323e-05,1.172360091004520655e-03
2.481582042648709407e+00,5.866384099135757424e-04,8.377987251151353121e-05,1.067493044502043631e-03,1.324018723607878201e-03
2.478800000000000114e+00,1.406678562489105389e-03,1.037681842717574909e-03,1.976655591533926781e-03,7.959577087603975087e-04
