4.957600000000000229e+00,5.942937500000000000e+03,5.927250000000000000e+03,5.901875000000000000e+03,5.951687500000000000e+03
4.946533928571429151e+00,5.975687500000000000e+03,5.968062500000000000e+03,5.942312500000000000e+03,5.997062500000000000e+03
4.935517149220490118e+00,5.976125000000000000e+03,5.952375000000000000e+03,5.936937500000000000e+03,5.995687500000000000e+03
4.924549333333333223e+00,5.998250000000000000e+03,5.995687500000000000e+03,5.962687500000000000e+03,6.013750000000000000e+03
4.913630155210642947e+00,5.980500000000000000e+03,5.960000000000000000e+03,5.947625000000000000e+03,6.004687500000000000e+03
4.902759292035399064e+00,5.964062500000000000e+03,5.968750000000000000e+03,5.966250000000000000e+03,6.019062500000000000e+03
4.891936423841060311e+00,5.992062500000000000e+03,5.974437500000000000e+03,5.959750000000000000e+03,6.034250000000000000e+03
4.881161233480177053e+00,5.988937500000000000e+03,5.968500000000000000e+03,5.964937500000000000e+03,6.035812500000000000e+03
4.870433406593407177e+00,5.975312500000000000e+03,5.972437500000000000e+03,5.961437500000000000e+03,6.046625000000000000e+03
4.859752631578947657e+00,5.976812500000000000e+03,5.977125000000000000e+03,5.968437500000000000e+03,6.059125000000000000e+03
4.849118599562363130e+00,5.971500000000000000e+03,5.958312500000000000e+03,5.969875000000000000e+03,6.073437500000000000e+03
4.838531004366812383e+00,5.968812500000000000e+03,5.968062500000000000e+03,5.971000000000000000e+03,6.088562500000000000e+03
4.827989542483661189e+00,5.973000000000000000e+03,5.959125000000000000e+03,5.961312500000000000e+03,6.115125000000000000e+03
4.817493913043477960e+00,5.970625000000000000e+03,5.972250000000000000e+03,5.977062500000000000e+03,6.148937500000000000e+03
4.807043817787419293e+00,5.980062500000000000e+03,5.973500000000000000e+03,5.978937500000000000e+03,6.191500000000000000e+03
4.796638961038961035e+00,5.976000000000000000e+03,5.974250000000000000e+03,5.982500000000000000e+03,6.218687500000000000e+03
4.786279049676026354e+00,5.995562500000000000e+03,5.991937500000000000e+03,5.998000000000000000e+03,6.261750000000000000e+03
4.775963793103447763e+00,5.977812500000000000e+03,5.981062500000000000e+03,6.009937500000000000e+03,6.276312500000000000e+03
4.765692903225806631e+00,5.978562500000000000e+03,5.984312500000000000e+03,6.008500000000000000e+03,6.291812500000000000e+03
4.755466094420601308e+00,5.967500000000000000e+03,5.979062500000000000e+03,6.002625000000000000e+03,6.297250000000000000e+03
4.745283083511777633e+00,5.965625000000000000e+03,5.970750000000000000e+03,6.008875000000000000e+03,6.301562500000000000e+03
4.735143589743590731e+00,5.959812500000000000e+03,5.972750000000000000e+03,6.000062500000000000e+03,6.292625000000000000e+03
4.725047334754797212e+00,5.948375000000000000e+03,5.950437500000000000e+03,5.995625000000000000e+03,6.276750000000000000e+03
4.714994042553191989e+00,5.955062500000000000e+03,5.948625000000000000e+03,5.985312500000000000e+03,6.283562500000000000e+03
4.704983439490446173e+00,5.953625000000000000e+03,5.952625000000000000e+03,6.009250000000000000e+03,6.255062500000000000e+03
4.695015254237288715e+00,5.958125000000000000e+03,5.962000000000000000e+03,6.012125000000000000e+03,6.253062500000000000e+03
4.685089217758984681e+00,5.957312500000000000e+03,5.967375000000000000e+03,6.028375000000000000e+03,6.233062500000000000e+03
4.675205063291139496e+00,5.971062500000000000e+03,5.985937500000000000e+03,6.049500000000000000e+03,6.226437500000000000e+03
4.665362526315790070e+00,5.969812500000000000e+03,5.985875000000000000e+03,6.075250000000000000e+03,6.215375000000000000e+03
4.655561344537815671e+00,5.988750000000000000e+03,6.016750000000000000e+03,6.121000000000000000e+03,6.234875000000000000e+03
4.645801257861635669e+00,5.987375000000000000e+03,6.013687500000000000e+03,6.141125000000000000e+03,6.192562500000000000e+03
4.636082008368201279e+00,5.979562500000000000e+03,6.032562500000000000e+03,6.180375000000000000e+03,6.206250000000000000e+03
4.626403340292275956e+00,5.994812500000000000e+03,6.024875000000000000e+03,6.205687500000000000e+03,6.209625000000000000e+03
4.616765000000000008e+00,5.991437500000000000e+03,6.032000000000000000e+03,6.250937500000000000e+03,6.207312500000000000e+03
4.607166735966736759e+00,5.984812500000000000e+03,6.048562500000000000e+03,6.294687500000000000e+03,6.203500000000000000e+03
4.597608298755186951e+00,6.007875000000000000e+03,6.058312500000000000e+03,6.335062500000000000e+03,6.234875000000000000e+03
4.588089440993789125e+00,6.004375000000000000e+03,6.071625000000000000e+03,6.359312500000000000e+03,6.219250000000000000e+03
4.578609917355371373e+00,5.999250000000000000e+03,6.071937500000000000e+03,6.373562500000000000e+03,6.226875000000000000e+03
4.569169484536082848e+00,6.011125000000000000e+03,6.071875000000000000e+03,6.370250000000000000e+03,6.222500000000000000e+03
4.559767901234568654e+00,6.010750000000000000e+03,6.082375000000000000e+03,6.377125000000000000e+03,6.228625000000000000e+03
4.550404928131417392e+00,6.012562500000000000e+03,6.093500000000000000e+03,6.350312500000000000e+03,6.224187500000000000e+03
4.541080327868852962e+00,6.024000000000000000e+03,6.086625000000000000e+03,6.331000000000000000e+03,6.227125000000000000e+03
4.531793865030675050e+00,6.026500000000000000e+03,6.102312500000000000e+03,6.312250000000000000e+03,6.235937500000000000e+03
4.522545306122449205e+00,6.033812500000000000e+03,6.118875000000000000e+03,6.296125000000000000e+03,6.247750000000000000e+03
4.513334419551934928e+00,6.027812500000000000e+03,6.130625000000000000e+03,6.285375000000000000e+03,6.259187500000000000e+03
4.504160975609756257e+00,6.025750000000000000e+03,6.149687500000000000e+03,6.265625000000000000e+03,6.272625000000000000e+03
4.495024746450305031e+00,6.039437500000000000e+03,6.192500000000000000e+03,6.244687500000000000e+03,6.282687500000000000e+03
4.485925506072875102e+00,6.080375000000000000e+03,6.269437500000000000e+03,6.278875000000000000e+03,6.330875000000000000e+03
4.476863030303031010e+00,6.049687500000000000e+03,6.277375000000000000e+03,6.251562500000000000e+03,6.299750000000000000e+03
4.467837096774193384e+00,6.044937500000000000e+03,6.301937500000000000e+03,6.265062500000000000e+03,6.323875000000000000e+03
4.458847484909457037e+00,6.060250000000000000e+03,6.364062500000000000e+03,6.248812500000000000e+03,6.332750000000000000e+03
4.449893975903614241e+00,6.063250000000000000e+03,6.397812500000000000e+03,6.233500000000000000e+03,6.346000000000000000e+03
4.440976352705411578e+00,6.068937500000000000e+03,6.417750000000000000e+03,6.247875000000000000e+03,6.358812500000000000e+03
4.432094399999999546e+00,6.065375000000000000e+03,6.430312500000000000e+03,6.234562500000000000e+03,6.356562500000000000e+03
4.423247904191617508e+00,6.080062500000000000e+03,6.400062500000000000e+03,6.233750000000000000e+03,6.370500000000000000e+03
4.414436653386453635e+00,6.077937500000000000e+03,6.378750000000000000e+03,6.240812500000000000e+03,6.382437500000000000e+03
4.405660437375745531e+00,6.079750000000000000e+03,6.320375000000000000e+03,6.209062500000000000e+03,6.377000000000000000e+03
4.396919047619047838e+00,6.066812500000000000e+03,6.255250000000000000e+03,6.184562500000000000e+03,6.381000000000000000e+03
4.388212277227722780e+00,6.129875000000000000e+03,6.295750000000000000e+03,6.245250000000000000e+03,6.459562500000000000e+03
4.379539920948617215e+00,6.155312500000000000e+03,6.245312500000000000e+03,6.247687500000000000e+03,6.499062500000000000e+03
4.370901775147928880e+00,6.210250000000000000e+03,6.254000000000000000e+03,6.257500000000000000e+03,6.595187500000000000e+03
4.362297637795276017e+00,6.277812500000000000e+03,6.262625000000000000e+03,6.284000000000000000e+03,6.693625000000000000e+03
4.353727308447937538e+00,6.343250000000000000e+03,6.276625000000000000e+03,6.309250000000000000e+03,6.798687500000000000e+03
4.345190588235294804e+00,6.414875000000000000e+03,6.272187500000000000e+03,6.330187500000000000e+03,6.887000000000000000e+03
4.336687279843444820e+00,6.460000000000000000e+03,6.261000000000000000e+03,6.351687500000000000e+03,6.974562500000000000e+03
4.328217187499999952e+00,6.469875000000000000e+03,6.254000000000000000e+03,6.369437500000000000e+03,7.068687500000000000e+03
4.319780116959065275e+00,6.427125000000000000e+03,6.245500000000000000e+03,6.393375000000000000e+03,7.141250000000000000e+03
4.311375875486381126e+00,6.361562500000000000e+03,6.259187500000000000e+03,6.418687500000000000e+03,7.195875000000000000e+03
4.303004271844661055e+00,6.315000000000000000e+03,6.269000000000000000e+03,6.456687500000000000e+03,7.143500000000000000e+03
4.294665116279070105e+00,6.294062500000000000e+03,6.284812500000000000e+03,6.505562500000000000e+03,7.058687500000000000e+03
4.286358220502902050e+00,6.271437500000000000e+03,6.297312500000000000e+03,6.584000000000000000e+03,6.926875000000000000e+03
4.278083397683397848e+00,6.274687500000000000e+03,6.298500000000000000e+03,6.686312500000000000e+03,6.778312500000000000e+03
4.269840462427746175e+00,6.268062500000000000e+03,6.320062500000000000e+03,6.827875000000000000e+03,6.672312500000000000e+03
4.261629230769230503e+00,6.269312500000000000e+03,6.354187500000000000e+03,6.939375000000000000e+03,6.584687500000000000e+03
4.253449520153551155e+00,6.264437500000000000e+03,6.367812500000000000e+03,7.015250000000000000e+03,6.482062500000000000e+03
4.245301149425287690e+00,6.261375000000000000e+03,6.396125000000000000e+03,7.104062500000000000e+03,6.422312500000000000e+03
4.237183938814531814e+00,6.256875000000000000e+03,6.419750000000000000e+03,7.173812500000000000e+03,6.392562500000000000e+03
4.229097709923665072e+00,6.271250000000000000e+03,6.429562500000000000e+03,7.221375000000000000e+03,6.402437500000000000e+03
4.221042285714285747e+00,6.282937500000000000e+03,6.453437500000000000e+03,7.206437500000000000e+03,6.423562500000000000e+03
4.213017490494297412e+00,6.277812500000000000e+03,6.464062500000000000e+03,7.072312500000000000e+03,6.426062500000000000e+03
4.205023149905123603e+00,6.271875000000000000e+03,6.449062500000000000e+03,6.851125000000000000e+03,6.384312500000000000e+03
4.197059090909091239e+00,6.286562500000000000e+03,6.504000000000000000e+03,6.670875000000000000e+03,6.397187500000000000e+03
4.189125141776938399e+00,6.314062500000000000e+03,6.596062500000000000e+03,6.482625000000000000e+03,6.415750000000000000e+03
4.181221132075472191e+00,6.342687500000000000e+03,6.690687500000000000e+03,6.350062500000000000e+03,6.470812500000000000e+03
4.173346892655367846e+00,6.348125000000000000e+03,6.761312500000000000e+03,6.274562500000000000e+03,6.473500000000000000e+03
4.165502255639097484e+00,6.370812500000000000e+03,6.862937500000000000e+03,6.237500000000000000e+03,6.470437500000000000e+03
4.157687054409006322e+00,6.377687500000000000e+03,6.882875000000000000e+03,6.218687500000000000e+03,6.439625000000000000e+03
4.149901123595506114e+00,6.414625000000000000e+03,6.884125000000000000e+03,6.257062500000000000e+03,6.462562500000000000e+03
4.142144299065421365e+00,6.378062500000000000e+03,6.796750000000000000e+03,6.209812500000000000e+03,6.453500000000000000e+03
4.134416417910447450e+00,6.375000000000000000e+03,6.750250000000000000e+03,6.223500000000000000e+03,6.458500000000000000e+03
4.126717318435754400e+00,6.383437500000000000e+03,6.630687500000000000e+03,6.261625000000000000e+03,6.449937500000000000e+03
4.119046840148699040e+00,6.392937500000000000e+03,6.447437500000000000e+03,6.327125000000000000e+03,6.408500000000000000e+03
4.111404823747681014e+00,6.415312500000000000e+03,6.328687500000000000e+03,6.373812500000000000e+03,6.356562500000000000e+03
4.103791111111111611e+00,6.459500000000000000e+03,6.238625000000000000e+03,6.376125000000000000e+03,6.284812500000000000e+03
4.096205545286506933e+00,6.531125000000000000e+03,6.178125000000000000e+03,6.370812500000000000e+03,6.208812500000000000e+03
4.088647970479705407e+00,6.594062500000000000e+03,6.131937500000000000e+03,6.352625000000000000e+03,6.155562500000000000e+03
4.081118232044198990e+00,6.620250000000000000e+03,6.130062500000000000e+03,6.345125000000000000e+03,6.112250000000000000e+03
4.073616176470588712e+00,6.628062500000000000e+03,6.122312500000000000e+03,6.321312500000000000e+03,6.074625000000000000e+03
4.066141651376146804e+00,6.603375000000000000e+03,6.175250000000000000e+03,6.300250000000000000e+03,6.076687500000000000e+03
4.058694505494505833e+00,6.512562500000000000e+03,6.229750000000000000e+03,6.283937500000000000e+03,6.089062500000000000e+03
4.051274588665448206e+00,6.368875000000000000e+03,6.264812500000000000e+03,6.226375000000000000e+03,6.110437500000000000e+03
4.043881751824817350e+00,6.192125000000000000e+03,6.270750000000000000e+03,6.167000000000000000e+03,6.127125000000000000e+03
4.036515846994536361e+00,6.137312500000000000e+03,6.307375000000000000e+03,6.138375000000000000e+03,6.146875000000000000e+03
4.029176727272727021e+00,6.084750000000000000e+03,6.283625000000000000e+03,6.092125000000000000e+03,6.147625000000000000e+03
4.021864246823956712e+00,6.068875000000000000e+03,6.233562500000000000e+03,6.053625000000000000e+03,6.101562500000000000e+03
4.014578260869565263e+00,6.078187500000000000e+03,6.195000000000000000e+03,6.041062500000000000e+03,6.062875000000000000e+03
4.007318625678119695e+00,6.153500000000000000e+03,6.227937500000000000e+03,6.081937500000000000e+03,6.059062500000000000e+03
4.000085198555956900e+00,6.138062500000000000e+03,6.179437500000000000e+03,6.070562500000000000e+03,6.042187500000000000e+03
3.992877837837838229e+00,6.189625000000000000e+03,6.180812500000000000e+03,6.095187500000000000e+03,6.043437500000000000e+03
3.985696402877697775e+00,6.172875000000000000e+03,6.147000000000000000e+03,6.120375000000000000e+03,6.045250000000000000e+03
3.978540754039497696e+00,6.144437500000000000e+03,6.116187500000000000e+03,6.093562500000000000e+03,6.029437500000000000e+03
3.971410752688172785e+00,6.136062500000000000e+03,6.079750000000000000e+03,6.083812500000000000e+03,6.029062500000000000e+03
3.964306261180679858e+00,6.121250000000000000e+03,6.074750000000000000e+03,6.071500000000000000e+03,6.019000000000000000e+03
3.957227142857143498e+00,6.120125000000000000e+03,6.088125000000000000e+03,6.051937500000000000e+03,6.023312500000000000e+03
3.950173262032085741e+00,6.111375000000000000e+03,6.098375000000000000e+03,6.035750000000000000e+03,6.037250000000000000e+03
3.943144483985765447e+00,6.099062500000000000e+03,6.100437500000000000e+03,6.025687500000000000e+03,6.073250000000000000e+03
3.936140674955594942e+00,6.074687500000000000e+03,6.092625000000000000e+03,6.011750000000000000e+03,6.113312500000000000e+03
3.929161702127660138e+00,6.068500000000000000e+03,6.074000000000000000e+03,6.009875000000000000e+03,6.216312500000000000e+03
3.922207433628319251e+00,6.053437500000000000e+03,6.059875000000000000e+03,6.007312500000000000e+03,6.329875000000000000e+03
3.915277738515901440e+00,6.057437500000000000e+03,6.069250000000000000e+03,6.013500000000000000e+03,6.487750000000000000e+03
3.908372486772486720e+00,6.078750000000000000e+03,6.046625000000000000e+03,6.028187500000000000e+03,6.588875000000000000e+03
3.901491549295774686e+00,6.084000000000000000e+03,6.029687500000000000e+03,6.039250000000000000e+03,6.638125000000000000e+03
3.894634797891037614e+00,6.083687500000000000e+03,6.022875000000000000e+03,6.063687500000000000e+03,6.680562500000000000e+03
3.887802105263157948e+00,6.092937500000000000e+03,6.021625000000000000e+03,6.113812500000000000e+03,6.674500000000000000e+03
3.880993345008756812e+00,6.096187500000000000e+03,6.028562500000000000e+03,6.176125000000000000e+03,6.676375000000000000e+03
3.874208391608391810e+00,6.070125000000000000e+03,6.021750000000000000e+03,6.285750000000000000e+03,6.707937500000000000e+03
3.867447120418848527e+00,6.042250000000000000e+03,6.028125000000000000e+03,6.419187500000000000e+03,6.700625000000000000e+03
3.860709407665505299e+00,6.020625000000000000e+03,6.025000000000000000e+03,6.532937500000000000e+03,6.820437500000000000e+03
3.853995130434782812e+00,6.013312500000000000e+03,6.027062500000000000e+03,6.561625000000000000e+03,7.098187500000000000e+03
3.847304166666667413e+00,5.999437500000000000e+03,6.043750000000000000e+03,6.536937500000000000e+03,7.367062500000000000e+03
3.840636395147313920e+00,6.004062500000000000e+03,6.053062500000000000e+03,6.522937500000000000e+03,7.742937500000000000e+03
3.833991695501730579e+00,5.976312500000000000e+03,6.072437500000000000e+03,6.549687500000000000e+03,8.161187500000000000e+03
3.827369948186528426e+00,6.012500000000000000e+03,6.112937500000000000e+03,6.633312500000000000e+03,8.555250000000000000e+03
3.820771034482759010e+00,6.014687500000000000e+03,6.177062500000000000e+03,6.696125000000000000e+03,8.753375000000000000e+03
3.814194836488812523e+00,6.030437500000000000e+03,6.235750000000000000e+03,6.821812500000000000e+03,8.448375000000000000e+03
3.807641237113402521e+00,6.025625000000000000e+03,6.342625000000000000e+03,7.035562500000000000e+03,8.100562500000000000e+03
3.801110120068611486e+00,6.029750000000000000e+03,6.416250000000000000e+03,7.427062500000000000e+03,7.858562500000000000e+03
3.794601369863014106e+00,6.027750000000000000e+03,6.454687500000000000e+03,8.063687500000000000e+03,7.938562500000000000e+03
3.788114871794871608e+00,6.042312500000000000e+03,6.508875000000000000e+03,8.860437500000000000e+03,8.129187500000000000e+03
3.781650511945392701e+00,6.068875000000000000e+03,6.533375000000000000e+03,9.499250000000000000e+03,8.112437500000000000e+03
3.775208177172062030e+00,6.090875000000000000e+03,6.589500000000000000e+03,9.861500000000000000e+03,8.226062500000000000e+03
3.768787755102041004e+00,6.121937500000000000e+03,6.677437500000000000e+03,9.998312500000000000e+03,8.518437500000000000e+03
3.762389134125637025e+00,6.142562500000000000e+03,6.818562500000000000e+03,9.979375000000000000e+03,8.678687500000000000e+03
3.756012203389830439e+00,6.182250000000000000e+03,7.053625000000000000e+03,9.877875000000000000e+03,8.621937500000000000e+03
3.749656852791878325e+00,6.209937500000000000e+03,7.420687500000000000e+03,9.662562500000000000e+03,8.246375000000000000e+03
3.743322972972972895e+00,6.240750000000000000e+03,7.947500000000000000e+03,9.401062500000000000e+03,7.685875000000000000e+03
3.737010455311973178e+00,6.291937500000000000e+03,8.679312500000000000e+03,9.221687500000000000e+03,7.278875000000000000e+03
3.730719191919192657e+00,6.367750000000000000e+03,9.420562500000000000e+03,9.000687500000000000e+03,7.015312500000000000e+03
3.724449075630252182e+00,6.417625000000000000e+03,1.000131250000000000e+04,8.909187500000000000e+03,6.795000000000000000e+03
3.718200000000000394e+00,6.479875000000000000e+03,1.041518750000000000e+04,8.913937500000000000e+03,6.617125000000000000e+03
3.711971859296482545e+00,6.568312500000000000e+03,1.057943750000000000e+04,8.970562500000000000e+03,6.497125000000000000e+03
3.705764548494983490e+00,6.693187500000000000e+03,1.032675000000000000e+04,8.774125000000000000e+03,6.416437500000000000e+03
3.699577963272120407e+00,6.816562500000000000e+03,9.789937500000000000e+03,8.375500000000000000e+03,6.353875000000000000e+03
3.693412000000000361e+00,7.060875000000000000e+03,9.435812500000000000e+03,8.054875000000000000e+03,6.355125000000000000e+03
3.687266555740433382e+00,7.480312500000000000e+03,9.177250000000000000e+03,7.685062500000000000e+03,6.369812500000000000e+03
3.681141528239202820e+00,7.889750000000000000e+03,9.027812500000000000e+03,7.231437500000000000e+03,6.347000000000000000e+03
3.675036815920397881e+00,8.036000000000000000e+03,8.848312500000000000e+03,6.795187500000000000e+03,6.311187500000000000e+03
3.668952317880795011e+00,8.068187500000000000e+03,8.744375000000000000e+03,6.513437500000000000e+03,6.288437500000000000e+03
3.662887933884297897e+00,7.900000000000000000e+03,8.568500000000000000e+03,6.376375000000000000e+03,6.221375000000000000e+03
3.656843564356435650e+00,7.828250000000000000e+03,8.332562500000000000e+03,6.315062500000000000e+03,6.161312500000000000e+03
3.650819110378912935e+00,7.749562500000000000e+03,7.948062500000000000e+03,6.279062500000000000e+03,6.123625000000000000e+03
3.644814473684210743e+00,7.722062500000000000e+03,7.453875000000000000e+03,6.294125000000000000e+03,6.096437500000000000e+03
3.638829556650246655e+00,7.628500000000000000e+03,7.007812500000000000e+03,6.260312500000000000e+03,6.066000000000000000e+03
3.632864262295082192e+00,7.516687500000000000e+03,6.680312500000000000e+03,6.200000000000000000e+03,6.056375000000000000e+03
3.626918494271686111e+00,7.485812500000000000e+03,6.440750000000000000e+03,6.165062500000000000e+03,6.023375000000000000e+03
3.620992156862745670e+00,7.341187500000000000e+03,6.318000000000000000e+03,6.125500000000000000e+03,6.023625000000000000e+03
3.615085154975530290e+00,7.208875000000000000e+03,6.274937500000000000e+03,6.104187500000000000e+03,6.024250000000000000e+03
3.609197394136808068e+00,7.026312500000000000e+03,6.245375000000000000e+03,6.079000000000000000e+03,6.009062500000000000e+03
3.603328780487804917e+00,6.869250000000000000e+03,6.203250000000000000e+03,6.060187500000000000e+03,6.009375000000000000e+03
3.597479220779220999e+00,6.687750000000000000e+03,6.147312500000000000e+03,6.011000000000000000e+03,5.974500000000000000e+03
3.591648622366288457e+00,6.531562500000000000e+03,6.122562500000000000e+03,6.005125000000000000e+03,5.968187500000000000e+03
3.585836893203883768e+00,6.401125000000000000e+03,6.108312500000000000e+03,6.001000000000000000e+03,5.977562500000000000e+03
3.580043941841680510e+00,6.271187500000000000e+03,6.088750000000000000e+03,6.011750000000000000e+03,5.951187500000000000e+03
3.574269677419354974e+00,6.171187500000000000e+03,6.059687500000000000e+03,5.981812500000000000e+03,5.925687500000000000e+03
3.568514009661835740e+00,6.141187500000000000e+03,6.039937500000000000e+03,5.988562500000000000e+03,5.933812500000000000e+03
3.562776848874598112e+00,6.087000000000000000e+03,6.016125000000000000e+03,5.961625000000000000e+03,5.907937500000000000e+03
3.557058105939005177e+00,6.075562500000000000e+03,6.026875000000000000e+03,5.964562500000000000e+03,5.920000000000000000e+03
3.551357692307692382e+00,6.064937500000000000e+03,6.014062500000000000e+03,5.968750000000000000e+03,5.916937500000000000e+03
3.545675520000000525e+00,6.069937500000000000e+03,6.000625000000000000e+03,5.965937500000000000e+03,5.904000000000000000e+03
3.540011501597444266e+00,6.058062500000000000e+03,6.007812500000000000e+03,5.965062500000000000e+03,5.916687500000000000e+03
3.534365550239234821e+00,6.033937500000000000e+03,5.982125000000000000e+03,5.944812500000000000e+03,5.908125000000000000e+03
3.528737579617834630e+00,6.028125000000000000e+03,5.982375000000000000e+03,5.933562500000000000e+03,5.914812500000000000e+03
3.523127503974563091e+00,6.015250000000000000e+03,5.971125000000000000e+03,5.918250000000000000e+03,5.911687500000000000e+03
3.517535238095238714e+00,5.977000000000000000e+03,5.977062500000000000e+03,5.917937500000000000e+03,5.911000000000000000e+03
3.511960697305863910e+00,5.977812500000000000e+03,5.952437500000000000e+03,5.898812500000000000e+03,5.903125000000000000e+03
3.506403797468354178e+00,5.968875000000000000e+03,5.967250000000000000e+03,5.902062500000000000e+03,5.901375000000000000e+03
3.500864454976303275e+00,5.936437500000000000e+03,5.952875000000000000e+03,5.893000000000000000e+03,5.906562500000000000e+03
3.495342586750789238e+00,5.949000000000000000e+03,5.936312500000000000e+03,5.889687500000000000e+03,5.890937500000000000e+03
3.489838110236220370e+00,5.931562500000000000e+03,5.946125000000000000e+03,5.907125000000000000e+03,5.888187500000000000e+03
3.484350943396226530e+00,5.941250000000000000e+03,5.930875000000000000e+03,5.889250000000000000e+03,5.887000000000000000e+03
3.478881004709576619e+00,5.954562500000000000e+03,5.918062500000000000e+03,5.878937500000000000e+03,5.872500000000000000e+03
3.473428213166144474e+00,5.935062500000000000e+03,5.919875000000000000e+03,5.892375000000000000e+03,5.888812500000000000e+03
3.467992488262910733e+00,5.948812500000000000e+03,5.923937500000000000e+03,5.899875000000000000e+03,5.898812500000000000e+03
3.462573750000000228e+00,5.942000000000000000e+03,5.909000000000000000e+03,5.894812500000000000e+03,5.901875000000000000e+03
3.457171918876755345e+00,5.929187500000000000e+03,5.893125000000000000e+03,5.869875000000000000e+03,5.881250000000000000e+03
3.451786915887850693e+00,5.911125000000000000e+03,5.896750000000000000e+03,5.871937500000000000e+03,5.883625000000000000e+03
3.446418662519440623e+00,5.913375000000000000e+03,5.900375000000000000e+03,5.879375000000000000e+03,5.893187500000000000e+03
3.441067080745341844e+00,5.906500000000000000e+03,5.892875000000000000e+03,5.877437500000000000e+03,5.906687500000000000e+03
3.435732093023255995e+00,5.911750000000000000e+03,5.891500000000000000e+03,5.866125000000000000e+03,5.898375000000000000e+03
3.430413622291021536e+00,5.892125000000000000e+03,5.883437500000000000e+03,5.863250000000000000e+03,5.885250000000000000e+03
3.425111591962906044e+00,5.884000000000000000e+03,5.877625000000000000e+03,5.867812500000000000e+03,5.891937500000000000e+03
3.419825925925926491e+00,5.899750000000000000e+03,5.884062500000000000e+03,5.878562500000000000e+03,5.903375000000000000e+03
3.414556548536209934e+00,5.888375000000000000e+03,5.885437500000000000e+03,5.888625000000000000e+03,5.905000000000000000e+03
3.409303384615384402e+00,5.900437500000000000e+03,5.885750000000000000e+03,5.857000000000000000e+03,5.900000000000000000e+03
3.404066359447004864e+00,5.884500000000000000e+03,5.893312500000000000e+03,5.885750000000000000e+03,5.912500000000000000e+03
3.398845398773006732e+00,5.908562500000000000e+03,5.905625000000000000e+03,5.891187500000000000e+03,5.913125000000000000e+03
3.393640428790199337e+00,5.879500000000000000e+03,5.890875000000000000e+03,5.879375000000000000e+03,5.891125000000000000e+03
3.388451376146789151e+00,5.878250000000000000e+03,5.891375000000000000e+03,5.887437500000000000e+03,5.908562500000000000e+03
3.383278167938931880e+00,5.889062500000000000e+03,5.887125000000000000e+03,5.889750000000000000e+03,5.902937500000000000e+03
3.378120731707317415e+00,5.889875000000000000e+03,5.892250000000000000e+03,5.896625000000000000e+03,5.904375000000000000e+03
3.372978995433789873e+00,5.880937500000000000e+03,5.890750000000000000e+03,5.885250000000000000e+03,5.895437500000000000e+03
3.367852887537994278e+00,5.864062500000000000e+03,5.897062500000000000e+03,5.884125000000000000e+03,5.912187500000000000e+03
3.362742336874052107e+00,5.872000000000000000e+03,5.885875000000000000e+03,5.863750000000000000e+03,5.902000000000000000e+03
3.357647272727272814e+00,5.866000000000000000e+03,5.887000000000000000e+03,5.869562500000000000e+03,5.881625000000000000e+03
3.352567624810892877e+00,5.875687500000000000e+03,5.880000000000000000e+03,5.872062500000000000e+03,5.888250000000000000e+03
3.347503323262840169e+00,5.871125000000000000e+03,5.888812500000000000e+03,5.877375000000000000e+03,5.900375000000000000e+03
3.342454298642534294e+00,5.875937500000000000e+03,5.869562500000000000e+03,5.860937500000000000e+03,5.911687500000000000e+03
3.337420481927710902e+00,5.884000000000000000e+03,5.880125000000000000e+03,5.867937500000000000e+03,5.906687500000000000e+03
3.332401804511278431e+00,5.874500000000000000e+03,5.883562500000000000e+03,5.883812500000000000e+03,5.922500000000000000e+03
3.327398198198198820e+00,5.893375000000000000e+03,5.883312500000000000e+03,5.886625000000000000e+03,5.957375000000000000e+03
3.322409595202398869e+00,5.881125000000000000e+03,5.885687500000000000e+03,5.889312500000000000e+03,5.961000000000000000e+03
3.317435928143712687e+00,5.883562500000000000e+03,5.883625000000000000e+03,5.888562500000000000e+03,5.974562500000000000e+03
3.312477130044843232e+00,5.875125000000000000e+03,5.888312500000000000e+03,5.900312500000000000e+03,5.983125000000000000e+03
3.307533134328358493e+00,5.868000000000000000e+03,5.901812500000000000e+03,5.903437500000000000e+03,6.021000000000000000e+03
3.302603874813711204e+00,5.879187500000000000e+03,5.881562500000000000e+03,5.901687500000000000e+03,6.068562500000000000e+03
3.297689285714286100e+00,5.872062500000000000e+03,5.891062500000000000e+03,5.916062500000000000e+03,6.147062500000000000e+03
3.292789301634472476e+00,5.884562500000000000e+03,5.884562500000000000e+03,5.898750000000000000e+03,6.293937500000000000e+03
3.287903857566766064e+00,5.878812500000000000e+03,5.889750000000000000e+03,5.916562500000000000e+03,6.530750000000000000e+03
3.283032888888888667e+00,5.871250000000000000e+03,5.889812500000000000e+03,5.918187500000000000e+03,6.792187500000000000e+03
3.278176331360946882e+00,5.873562500000000000e+03,5.892062500000000000e+03,5.931375000000000000e+03,7.082375000000000000e+03
3.273334121122600138e+00,5.856812500000000000e+03,5.900562500000000000e+03,5.933312500000000000e+03,7.255000000000000000e+03
3.268506194690265598e+00,5.869625000000000000e+03,5.889875000000000000e+03,5.956750000000000000e+03,7.298562500000000000e+03
3.263692488954344384e+00,5.871875000000000000e+03,5.906687500000000000e+03,5.985812500000000000e+03,7.299750000000000000e+03
3.258892941176470881e+00,5.875000000000000000e+03,5.900437500000000000e+03,6.031500000000000000e+03,7.227750000000000000e+03
3.254107488986784258e+00,5.879625000000000000e+03,5.901312500000000000e+03,6.112250000000000000e+03,7.068062500000000000e+03
3.249336070381231512e+00,5.870125000000000000e+03,5.896937500000000000e+03,6.242625000000000000e+03,6.913875000000000000e+03
3.244578623718887389e+00,5.879937500000000000e+03,5.916312500000000000e+03,6.424000000000000000e+03,6.833562500000000000e+03
3.239835087719298734e+00,5.886437500000000000e+03,5.928687500000000000e+03,6.647250000000000000e+03,6.795437500000000000e+03
3.235105401459854146e+00,5.894750000000000000e+03,5.956187500000000000e+03,6.887437500000000000e+03,6.722375000000000000e+03
3.230389504373177623e+00,5.883937500000000000e+03,5.965187500000000000e+03,7.050812500000000000e+03,6.628312500000000000e+03
3.225687336244541736e+00,5.902250000000000000e+03,5.985250000000000000e+03,7.154312500000000000e+03,6.560937500000000000e+03
3.220998837209302579e+00,5.883437500000000000e+03,5.993937500000000000e+03,7.121187500000000000e+03,6.481250000000000000e+03
3.216323947750363121e+00,5.891437500000000000e+03,6.041375000000000000e+03,7.061500000000000000e+03,6.363625000000000000e+03
3.211662608695652565e+00,5.890500000000000000e+03,6.098437500000000000e+03,7.019562500000000000e+03,6.318250000000000000e+03
3.207014761215630116e+00,5.903750000000000000e+03,6.166187500000000000e+03,6.942812500000000000e+03,6.235187500000000000e+03
3.202380346820809631e+00,5.915375000000000000e+03,6.299437500000000000e+03,6.875125000000000000e+03,6.197437500000000000e+03
3.197759307359307357e+00,5.920750000000000000e+03,6.435750000000000000e+03,6.848750000000000000e+03,6.165250000000000000e+03
3.193151585014409655e+00,5.934187500000000000e+03,6.541187500000000000e+03,6.846312500000000000e+03,6.173250000000000000e+03
3.188557122302158486e+00,5.950937500000000000e+03,6.667062500000000000e+03,6.815187500000000000e+03,6.185125000000000000e+03
3.183975862068965768e+00,5.968062500000000000e+03,6.801000000000000000e+03,6.781562500000000000e+03,6.204687500000000000e+03
3.179407747489239711e+00,5.990875000000000000e+03,6.909437500000000000e+03,6.660687500000000000e+03,6.220062500000000000e+03
3.174852722063037369e+00,5.988000000000000000e+03,6.972187500000000000e+03,6.573000000000000000e+03,6.239312500000000000e+03
3.170310729613734058e+00,6.015125000000000000e+03,6.987125000000000000e+03,6.456562500000000000e+03,6.245437500000000000e+03
3.165781714285714532e+00,6.071125000000000000e+03,6.987937500000000000e+03,6.378000000000000000e+03,6.284187500000000000e+03
3.161265620542082821e+00,6.099062500000000000e+03,6.960062500000000000e+03,6.281687500000000000e+03,6.283562500000000000e+03
3.156762393162393820e+00,6.145687500000000000e+03,6.936125000000000000e+03,6.250625000000000000e+03,6.286312500000000000e+03
3.152271977240398648e+00,6.223375000000000000e+03,6.896062500000000000e+03,6.196875000000000000e+03,6.249062500000000000e+03
3.147794318181817985e+00,6.369937500000000000e+03,6.885312500000000000e+03,6.170812500000000000e+03,6.260375000000000000e+03
3.143329361702127844e+00,6.439312500000000000e+03,6.884875000000000000e+03,6.160562500000000000e+03,6.270937500000000000e+03
3.138877053824363106e+00,6.513000000000000000e+03,6.857687500000000000e+03,6.172187500000000000e+03,6.262875000000000000e+03
3.134437340876945033e+00,6.605062500000000000e+03,6.859625000000000000e+03,6.182500000000000000e+03,6.232187500000000000e+03
3.130010169491525662e+00,6.710625000000000000e+03,6.796500000000000000e+03,6.209000000000000000e+03,6.191437500000000000e+03
3.125595486600846851e+00,6.792437500000000000e+03,6.666625000000000000e+03,6.221375000000000000e+03,6.183312500000000000e+03
3.121193239436620193e+00,6.852687500000000000e+03,6.554375000000000000e+03,6.222875000000000000e+03,6.147062500000000000e+03
3.116803375527426034e+00,6.890500000000000000e+03,6.530437500000000000e+03,6.312875000000000000e+03,6.189250000000000000e+03
3.112425842696629363e+00,6.806250000000000000e+03,6.374750000000000000e+03,6.259500000000000000e+03,6.122187500000000000e+03
3.108060589060309020e+00,6.832625000000000000e+03,6.303312500000000000e+03,6.263187500000000000e+03,6.107812500000000000e+03
3.103707563025210447e+00,6.861000000000000000e+03,6.256500000000000000e+03,6.263750000000000000e+03,6.079562500000000000e+03
3.099366713286713093e+00,6.873562500000000000e+03,6.231812500000000000e+03,6.262250000000000000e+03,6.069250000000000000e+03
3.095037988826815578e+00,6.880312500000000000e+03,6.210937500000000000e+03,6.262187500000000000e+03,6.064625000000000000e+03
3.090721338912134186e+00,6.903750000000000000e+03,6.192500000000000000e+03,6.264500000000000000e+03,6.058562500000000000e+03
3.086416713091922226e+00,6.895125000000000000e+03,6.181625000000000000e+03,6.247750000000000000e+03,6.040375000000000000e+03
3.082124061196105824e+00,6.856250000000000000e+03,6.205187500000000000e+03,6.208312500000000000e+03,6.039000000000000000e+03
3.077843333333333931e+00,6.802562500000000000e+03,6.239000000000000000e+03,6.201187500000000000e+03,6.075437500000000000e+03
3.073574479889043420e+00,6.669812500000000000e+03,6.246750000000000000e+03,6.150375000000000000e+03,6.085062500000000000e+03
3.069317451523545515e+00,6.559375000000000000e+03,6.260437500000000000e+03,6.138937500000000000e+03,6.106562500000000000e+03
3.065072199170124634e+00,6.488625000000000000e+03,6.283000000000000000e+03,6.118375000000000000e+03,6.124437500000000000e+03
3.060838674033149687e+00,6.385312500000000000e+03,6.310187500000000000e+03,6.105562500000000000e+03,6.153562500000000000e+03
3.056616827586207119e+00,6.316250000000000000e+03,6.318937500000000000e+03,6.083625000000000000e+03,6.169312500000000000e+03
3.052406611570248174e+00,6.244750000000000000e+03,6.319625000000000000e+03,6.060875000000000000e+03,6.185875000000000000e+03
3.048207977991747253e+00,6.208312500000000000e+03,6.349437500000000000e+03,6.059562500000000000e+03,6.197875000000000000e+03
3.044020879120879375e+00,6.208375000000000000e+03,6.378312500000000000e+03,6.048937500000000000e+03,6.232062500000000000e+03
3.039845267489711844e+00,6.211437500000000000e+03,6.380125000000000000e+03,6.053875000000000000e+03,6.276250000000000000e+03
3.035681095890411019e+00,6.238187500000000000e+03,6.337062500000000000e+03,6.068562500000000000e+03,6.325187500000000000e+03
3.031528317373461512e+00,6.260437500000000000e+03,6.266125000000000000e+03,6.069562500000000000e+03,6.463375000000000000e+03
3.027386885245901826e+00,6.248062500000000000e+03,6.186000000000000000e+03,6.087062500000000000e+03,6.678625000000000000e+03
3.023256753069576863e+00,6.290125000000000000e+03,6.153125000000000000e+03,6.113625000000000000e+03,6.927312500000000000e+03
3.019137874659400644e+00,6.323062500000000000e+03,6.124562500000000000e+03,6.134875000000000000e+03,7.086062500000000000e+03
3.015030204081632803e+00,6.361687500000000000e+03,6.105000000000000000e+03,6.168812500000000000e+03,7.138937500000000000e+03
3.010933695652174169e+00,6.375687500000000000e+03,6.096250000000000000e+03,6.196500000000000000e+03,7.125250000000000000e+03
3.006848303934871236e+00,6.417250000000000000e+03,6.069062500000000000e+03,6.200875000000000000e+03,7.029937500000000000e+03
3.002773983739837949e+00,6.455750000000000000e+03,6.060750000000000000e+03,6.228125000000000000e+03,6.860750000000000000e+03
2.998710690121786371e+00,6.440812500000000000e+03,6.067937500000000000e+03,6.268000000000000000e+03,6.662875000000000000e+03
2.994658378378378227e+00,6.412750000000000000e+03,6.084687500000000000e+03,6.346687500000000000e+03,6.435875000000000000e+03
2.990617004048583105e+00,6.314312500000000000e+03,6.096937500000000000e+03,6.453125000000000000e+03,6.214250000000000000e+03
2.986586522911051755e+00,6.186750000000000000e+03,6.114750000000000000e+03,6.653937500000000000e+03,6.049437500000000000e+03
2.982566890982503605e+00,6.139562500000000000e+03,6.136812500000000000e+03,6.839875000000000000e+03,5.999062500000000000e+03
2.978558064516128923e+00,6.098562500000000000e+03,6.157000000000000000e+03,7.012750000000000000e+03,5.967312500000000000e+03
2.974560000000000315e+00,6.074312500000000000e+03,6.178500000000000000e+03,7.022125000000000000e+03,5.935375000000000000e+03
2.970572654155496206e+00,6.063500000000000000e+03,6.181812500000000000e+03,6.868437500000000000e+03,5.918375000000000000e+03
2.966595983935742975e+00,6.050250000000000000e+03,6.189687500000000000e+03,6.713437500000000000e+03,5.912000000000000000e+03
2.962629946524064195e+00,6.043562500000000000e+03,6.274562500000000000e+03,6.511750000000000000e+03,5.921187500000000000e+03
2.958674499332443641e+00,6.026687500000000000e+03,6.309062500000000000e+03,6.262437500000000000e+03,5.896312500000000000e+03
2.954729600000000289e+00,6.048375000000000000e+03,6.378687500000000000e+03,6.116437500000000000e+03,5.899687500000000000e+03
2.950795206391477965e+00,6.086625000000000000e+03,6.480062500000000000e+03,6.052812500000000000e+03,5.893375000000000000e+03
2.946871276595744771e+00,6.095187500000000000e+03,6.572000000000000000e+03,5.977062500000000000e+03,5.893312500000000000e+03
2.942957768924303164e+00,6.110937500000000000e+03,6.658375000000000000e+03,5.969562500000000000e+03,5.872812500000000000e+03
2.939054641909814247e+00,6.116937500000000000e+03,6.704062500000000000e+03,5.933000000000000000e+03,5.845062500000000000e+03
2.935161854304635831e+00,6.125500000000000000e+03,6.712000000000000000e+03,5.894937500000000000e+03,5.868562500000000000e+03
2.931279365079365373e+00,6.148437500000000000e+03,6.609562500000000000e+03,5.899687500000000000e+03,5.858625000000000000e+03
2.927407133421400687e+00,6.153937500000000000e+03,6.393750000000000000e+03,5.889750000000000000e+03,5.860062500000000000e+03
2.923545118733509085e+00,6.231312500000000000e+03,6.281750000000000000e+03,5.911625000000000000e+03,5.874312500000000000e+03
2.919693280632411181e+00,6.272187500000000000e+03,6.212125000000000000e+03,5.909562500000000000e+03,5.870375000000000000e+03
2.915851578947368683e+00,6.313562500000000000e+03,6.121875000000000000e+03,5.911812500000000000e+03,5.872937500000000000e+03
2.912019973718791288e+00,6.371687500000000000e+03,6.069250000000000000e+03,5.918062500000000000e+03,5.868812500000000000e+03
2.908198425196850234e+00,6.406625000000000000e+03,6.024812500000000000e+03,5.914187500000000000e+03,5.868250000000000000e+03
2.904386893840105177e+00,6.456437500000000000e+03,5.988187500000000000e+03,5.932125000000000000e+03,5.847937500000000000e+03
2.900585340314136396e+00,6.438500000000000000e+03,5.963750000000000000e+03,5.922562500000000000e+03,5.851750000000000000e+03
2.896793725490196092e+00,6.422187500000000000e+03,5.954250000000000000e+03,5.920062500000000000e+03,5.851125000000000000e+03
2.893012010443864579e+00,6.370812500000000000e+03,5.950125000000000000e+03,5.931000000000000000e+03,5.850250000000000000e+03
2.889240156453716235e+00,6.329937500000000000e+03,5.943375000000000000e+03,5.914125000000000000e+03,5.835812500000000000e+03
2.885478125000000116e+00,6.291500000000000000e+03,5.938937500000000000e+03,5.920937500000000000e+03,5.842250000000000000e+03
2.881725877763329002e+00,6.225375000000000000e+03,5.949562500000000000e+03,5.912437500000000000e+03,5.833062500000000000e+03
2.877983376623376888e+00,6.175625000000000000e+03,5.943125000000000000e+03,5.914250000000000000e+03,5.825312500000000000e+03
2.874250583657588010e+00,6.137562500000000000e+03,5.946312500000000000e+03,5.903937500000000000e+03,5.826000000000000000e+03
2.870527461139896541e+00,6.074000000000000000e+03,5.968562500000000000e+03,5.906750000000000000e+03,5.833562500000000000e+03
2.866813971539456940e+00,6.019125000000000000e+03,5.967312500000000000e+03,5.898875000000000000e+03,5.829562500000000000e+03
2.863110077519380070e+00,5.962437500000000000e+03,5.970437500000000000e+03,5.890875000000000000e+03,5.830062500000000000e+03
2.859415741935483979e+00,5.937062500000000000e+03,5.967437500000000000e+03,5.868812500000000000e+03,5.814625000000000000e+03
2.855730927835051336e+00,5.921875000000000000e+03,5.956812500000000000e+03,5.866250000000000000e+03,5.803875000000000000e+03
2.852055598455598417e+00,5.922687500000000000e+03,5.973000000000000000e+03,5.864625000000000000e+03,5.807875000000000000e+03
2.848389717223650752e+00,5.933562500000000000e+03,5.964437500000000000e+03,5.855875000000000000e+03,5.808812500000000000e+03
2.844733247753530314e+00,5.933812500000000000e+03,5.971875000000000000e+03,5.851250000000000000e+03,5.807312500000000000e+03
2.841086153846153817e+00,5.945437500000000000e+03,5.958500000000000000e+03,5.838500000000000000e+03,5.798875000000000000e+03
2.837448399487836781e+00,5.942937500000000000e+03,5.959625000000000000e+03,5.830687500000000000e+03,5.794500000000000000e+03
2.833819948849105153e+00,5.945750000000000000e+03,5.936125000000000000e+03,5.825062500000000000e+03,5.784562500000000000e+03
2.830200766283525127e+00,5.959625000000000000e+03,5.937437500000000000e+03,5.821687500000000000e+03,5.789937500000000000e+03
2.826590816326530753e+00,5.956062500000000000e+03,5.925937500000000000e+03,5.811562500000000000e+03,5.782500000000000000e+03
2.822990063694267970e+00,5.972437500000000000e+03,5.923000000000000000e+03,5.832437500000000000e+03,5.773875000000000000e+03
2.819398473282443085e+00,5.975187500000000000e+03,5.901500000000000000e+03,5.816312500000000000e+03,5.756500000000000000e+03
2.815816010165184125e+00,5.963312500000000000e+03,5.908875000000000000e+03,5.802062500000000000e+03,5.773812500000000000e+03
2.812242639593908855e+00,5.971687500000000000e+03,5.893125000000000000e+03,5.817562500000000000e+03,5.761562500000000000e+03
2.808678326996198127e+00,5.972812500000000000e+03,5.884187500000000000e+03,5.798250000000000000e+03,5.770375000000000000e+03
2.805123037974683431e+00,5.966437500000000000e+03,5.883625000000000000e+03,5.824312500000000000e+03,5.766375000000000000e+03
2.801576738305942005e+00,5.961437500000000000e+03,5.871187500000000000e+03,5.799500000000000000e+03,5.756000000000000000e+03
2.798039393939394159e+00,5.954375000000000000e+03,5.866562500000000000e+03,5.797562500000000000e+03,5.759125000000000000e+03
2.794510970996217036e+00,5.945000000000000000e+03,5.848375000000000000e+03,5.774937500000000000e+03,5.771875000000000000e+03
2.790991435768261919e+00,5.925062500000000000e+03,5.841437500000000000e+03,5.774687500000000000e+03,5.751125000000000000e+03
2.787480754716981313e+00,5.910187500000000000e+03,5.836000000000000000e+03,5.777562500000000000e+03,5.765062500000000000e+03
2.783978894472362242e+00,5.908937500000000000e+03,5.839562500000000000e+03,5.768312500000000000e+03,5.773312500000000000e+03
2.780485821831869764e+00,5.895000000000000000e+03,5.834875000000000000e+03,5.766062500000000000e+03,5.770375000000000000e+03
2.777001503759398471e+00,5.882437500000000000e+03,5.817250000000000000e+03,5.764750000000000000e+03,5.773687500000000000e+03
2.773525907384230216e+00,5.877937500000000000e+03,5.809312500000000000e+03,5.756625000000000000e+03,5.770125000000000000e+03
2.770059000000000271e+00,5.856375000000000000e+03,5.805875000000000000e+03,5.743812500000000000e+03,5.754125000000000000e+03
2.766600749063670595e+00,5.842687500000000000e+03,5.791375000000000000e+03,5.735312500000000000e+03,5.757437500000000000e+03
2.763151122194513754e+00,5.830750000000000000e+03,5.793125000000000000e+03,5.751125000000000000e+03,5.755312500000000000e+03
2.759710087173101289e+00,5.835437500000000000e+03,5.797125000000000000e+03,5.770187500000000000e+03,5.781062500000000000e+03
2.756277611940298744e+00,5.817437500000000000e+03,5.784187500000000000e+03,5.756875000000000000e+03,5.760062500000000000e+03
2.752853664596273120e+00,5.826812500000000000e+03,5.775750000000000000e+03,5.761875000000000000e+03,5.766937500000000000e+03
2.749438213399503894e+00,5.806187500000000000e+03,5.754437500000000000e+03,5.745125000000000000e+03,5.753187500000000000e+03
2.746031226765799360e+00,5.823062500000000000e+03,5.770562500000000000e+03,5.772062500000000000e+03,5.765812500000000000e+03
2.742632673267326737e+00,5.803312500000000000e+03,5.773625000000000000e+03,5.767812500000000000e+03,5.756125000000000000e+03
2.739242521631644056e+00,5.792250000000000000e+03,5.754812500000000000e+03,5.754937500000000000e+03,5.742625000000000000e+03
2.735860740740741370e+00,5.802125000000000000e+03,5.768687500000000000e+03,5.759437500000000000e+03,5.749687500000000000e+03
2.732487299630086408e+00,5.793687500000000000e+03,5.775625000000000000e+03,5.762312500000000000e+03,5.749437500000000000e+03
2.729122167487684880e+00,5.774937500000000000e+03,5.764000000000000000e+03,5.766875000000000000e+03,5.744625000000000000e+03
2.725765313653136790e+00,5.781875000000000000e+03,5.779437500000000000e+03,5.760000000000000000e+03,5.761187500000000000e+03
2.722416707616707843e+00,5.777375000000000000e+03,5.769687500000000000e+03,5.770125000000000000e+03,5.761937500000000000e+03
2.719076319018404853e+00,5.771562500000000000e+03,5.790000000000000000e+03,5.765250000000000000e+03,5.758937500000000000e+03
2.715744117647058697e+00,5.771187500000000000e+03,5.791187500000000000e+03,5.759187500000000000e+03,5.751687500000000000e+03
2.712420073439412604e+00,5.766250000000000000e+03,5.802812500000000000e+03,5.765125000000000000e+03,5.756437500000000000e+03
2.709104156479217984e+00,5.781812500000000000e+03,5.787125000000000000e+03,5.760687500000000000e+03,5.754000000000000000e+03
2.705796336996336926e+00,5.763937500000000000e+03,5.787312500000000000e+03,5.765500000000000000e+03,5.773750000000000000e+03
2.702496585365854020e+00,5.776000000000000000e+03,5.782375000000000000e+03,5.761375000000000000e+03,5.763687500000000000e+03
2.699204872107186848e+00,5.760375000000000000e+03,5.781625000000000000e+03,5.747562500000000000e+03,5.760000000000000000e+03
2.695921167883212011e+00,5.775812500000000000e+03,5.784062500000000000e+03,5.757625000000000000e+03,5.770750000000000000e+03
2.692645443499392499e+00,5.767437500000000000e+03,5.792500000000000000e+03,5.757625000000000000e+03,5.772375000000000000e+03
2.689377669902912604e+00,5.765375000000000000e+03,5.772625000000000000e+03,5.747937500000000000e+03,5.762125000000000000e+03
2.686117818181818606e+00,5.768500000000000000e+03,5.760750000000000000e+03,5.748937500000000000e+03,5.758687500000000000e+03
2.682865859564164790e+00,5.776000000000000000e+03,5.766000000000000000e+03,5.748250000000000000e+03,5.769375000000000000e+03
2.679621765417170565e+00,5.779750000000000000e+03,5.765000000000000000e+03,5.748937500000000000e+03,5.772312500000000000e+03
2.676385507246377138e+00,5.762437500000000000e+03,5.770875000000000000e+03,5.753875000000000000e+03,5.775125000000000000e+03
2.673157056694813072e+00,5.764000000000000000e+03,5.770062500000000000e+03,5.736625000000000000e+03,5.781437500000000000e+03
2.669936385542168722e+00,5.764312500000000000e+03,5.759000000000000000e+03,5.740562500000000000e+03,5.781000000000000000e+03
2.666723465703971119e+00,5.766812500000000000e+03,5.759125000000000000e+03,5.748437500000000000e+03,5.776687500000000000e+03
2.663518269230769508e+00,5.756312500000000000e+03,5.767937500000000000e+03,5.753812500000000000e+03,5.789937500000000000e+03
2.660320768307323114e+00,5.759500000000000000e+03,5.767375000000000000e+03,5.761000000000000000e+03,5.796312500000000000e+03
2.657130935251798665e+00,5.763312500000000000e+03,5.761312500000000000e+03,5.757812500000000000e+03,5.796562500000000000e+03
2.653948742514970149e+00,5.743375000000000000e+03,5.759937500000000000e+03,5.757687500000000000e+03,5.797500000000000000e+03
2.650774162679426116e+00,5.741375000000000000e+03,5.748250000000000000e+03,5.755375000000000000e+03,5.779250000000000000e+03
2.647607168458781413e+00,5.749000000000000000e+03,5.768187500000000000e+03,5.760937500000000000e+03,5.803500000000000000e+03
2.644447732696897813e+00,5.758812500000000000e+03,5.761875000000000000e+03,5.765937500000000000e+03,5.785437500000000000e+03
2.641295828367104193e+00,5.747562500000000000e+03,5.752437500000000000e+03,5.768062500000000000e+03,5.797562500000000000e+03
2.638151428571428703e+00,5.737125000000000000e+03,5.758125000000000000e+03,5.772312500000000000e+03,5.788625000000000000e+03
2.635014506539833601e+00,5.749750000000000000e+03,5.744500000000000000e+03,5.779375000000000000e+03,5.790062500000000000e+03
2.631885035629453640e+00,5.740562500000000000e+03,5.756312500000000000e+03,5.771812500000000000e+03,5.778500000000000000e+03
2.628762989323843779e+00,5.738062500000000000e+03,5.767062500000000000e+03,5.772187500000000000e+03,5.768125000000000000e+03
2.625648341232227789e+00,5.745687500000000000e+03,5.760187500000000000e+03,5.772437500000000000e+03,5.759375000000000000e+03
2.622541065088757506e+00,5.741375000000000000e+03,5.768562500000000000e+03,5.763500000000000000e+03,5.753000000000000000e+03
2.619441134751773426e+00,5.734375000000000000e+03,5.771375000000000000e+03,5.770250000000000000e+03,5.752500000000000000e+03
2.616348524203069736e+00,5.735812500000000000e+03,5.768250000000000000e+03,5.764750000000000000e+03,5.753500000000000000e+03
2.613263207547170008e+00,5.731812500000000000e+03,5.759250000000000000e+03,5.758500000000000000e+03,5.742937500000000000e+03
2.610185159010601108e+00,5.733937500000000000e+03,5.765562500000000000e+03,5.757187500000000000e+03,5.736437500000000000e+03
2.607114352941176882e+00,5.735875000000000000e+03,5.768812500000000000e+03,5.744375000000000000e+03,5.753625000000000000e+03
2.604050763807285840e+00,5.750562500000000000e+03,5.788125000000000000e+03,5.758312500000000000e+03,5.753250000000000000e+03
2.600994366197183272e+00,5.738125000000000000e+03,5.781125000000000000e+03,5.724250000000000000e+03,5.750812500000000000e+03
2.597945134818288704e+00,5.740937500000000000e+03,5.774062500000000000e+03,5.736187500000000000e+03,5.756125000000000000e+03
2.594903044496487343e+00,5.748937500000000000e+03,5.775187500000000000e+03,5.740812500000000000e+03,5.765812500000000000e+03
2.591868070175438632e+00,5.775937500000000000e+03,5.781375000000000000e+03,5.747562500000000000e+03,5.755437500000000000e+03
2.588840186915887909e+00,5.767062500000000000e+03,5.776875000000000000e+03,5.732937500000000000e+03,5.745687500000000000e+03
2.585819369894982955e+00,5.765625000000000000e+03,5.780562500000000000e+03,5.748937500000000000e+03,5.759875000000000000e+03
2.582805594405594540e+00,5.784875000000000000e+03,5.777875000000000000e+03,5.744375000000000000e+03,5.749875000000000000e+03
2.579798835855646288e+00,5.757687500000000000e+03,5.763000000000000000e+03,5.726437500000000000e+03,5.732437500000000000e+03
2.576799069767441885e+00,5.758562500000000000e+03,5.739562500000000000e+03,5.740937500000000000e+03,5.737562500000000000e+03
2.573806271777003829e+00,5.771937500000000000e+03,5.759187500000000000e+03,5.754000000000000000e+03,5.733000000000000000e+03
2.570820417633410848e+00,5.776437500000000000e+03,5.762750000000000000e+03,5.752875000000000000e+03,5.736875000000000000e+03
2.567841483198146424e+00,5.782062500000000000e+03,5.759750000000000000e+03,5.760812500000000000e+03,5.732062500000000000e+03
2.564869444444444646e+00,5.769187500000000000e+03,5.762500000000000000e+03,5.756250000000000000e+03,5.751187500000000000e+03
2.561904277456647616e+00,5.769437500000000000e+03,5.766375000000000000e+03,5.759062500000000000e+03,5.745375000000000000e+03
2.558945958429561074e+00,5.756875000000000000e+03,5.746812500000000000e+03,5.740187500000000000e+03,5.733125000000000000e+03
2.555994463667820238e+00,5.750000000000000000e+03,5.743625000000000000e+03,5.726000000000000000e+03,5.720062500000000000e+03
2.553049769585253870e+00,5.752437500000000000e+03,5.760500000000000000e+03,5.740687500000000000e+03,5.723187500000000000e+03
2.550111852704258109e+00,5.750625000000000000e+03,5.746750000000000000e+03,5.728625000000000000e+03,5.711812500000000000e+03
2.547180689655172525e+00,5.746750000000000000e+03,5.759937500000000000e+03,5.734437500000000000e+03,5.705250000000000000e+03
2.544256257175660174e+00,5.853750000000000000e+03,5.863937500000000000e+03,5.832937500000000000e+03,5.802437500000000000e+03
2.541338532110092086e+00,5.843062500000000000e+03,5.869750000000000000e+03,5.843625000000000000e+03,5.796687500000000000e+03
2.538427491408934866e+00,5.738375000000000000e+03,5.760687500000000000e+03,5.725875000000000000e+03,5.682750000000000000e+03
2.535523112128146739e+00,5.744937500000000000e+03,5.753750000000000000e+03,5.734750000000000000e+03,5.682625000000000000e+03
2.532625371428571803e+00,5.735000000000000000e+03,5.746125000000000000e+03,5.719312500000000000e+03,5.674250000000000000e+03
2.529734246575342738e+00,5.736437500000000000e+03,5.748812500000000000e+03,5.711937500000000000e+03,5.673312500000000000e+03
2.526849714937286162e+00,5.741375000000000000e+03,5.744437500000000000e+03,5.699937500000000000e+03,5.659937500000000000e+03
2.523971753986332889e+00,5.736250000000000000e+03,5.728875000000000000e+03,5.690312500000000000e+03,5.656937500000000000e+03
2.521100341296928615e+00,5.720187500000000000e+03,5.717625000000000000e+03,5.680875000000000000e+03,5.651687500000000000e+03
2.518235454545454832e+00,5.719312500000000000e+03,5.725125000000000000e+03,5.661500000000000000e+03,5.641062500000000000e+03
2.515377071509647955e+00,5.732687500000000000e+03,5.714375000000000000e+03,5.666750000000000000e+03,5.647687500000000000e+03
2.512525170068027780e+00,5.720312500000000000e+03,5.716937500000000000e+03,5.670375000000000000e+03,5.647937500000000000e+03
2.509679728199320614e+00,5.722937500000000000e+03,5.706562500000000000e+03,5.651875000000000000e+03,5.634375000000000000e+03
2.506840723981900609e+00,5.702125000000000000e+03,5.698875000000000000e+03,5.627000000000000000e+03,5.620875000000000000e+03
2.504008135593220441e+00,5.702000000000000000e+03,5.697375000000000000e+03,5.632250000000000000e+03,5.618437500000000000e+03
2.501181941309255308e+00,5.709125000000000000e+03,5.702562500000000000e+03,5.641250000000000000e+03,5.633562500000000000e+03
2.498362119503946044e+00,5.694062500000000000e+03,5.679375000000000000e+03,5.637312500000000000e+03,5.631125000000000000e+03
2.495548648648648449e+00,5.696625000000000000e+03,5.677562500000000000e+03,5.630437500000000000e+03,5.621687500000000000e+03
2.492741507311586169e+00,5.694375000000000000e+03,5.664062500000000000e+03,5.614625000000000000e+03,5.625375000000000000e+03
2.489940674157303580e+00,5.695750000000000000e+03,5.655062500000000000e+03,5.620875000000000000e+03,5.625000000000000000e+03
2.487146127946127994e+00,5.694875000000000000e+03,5.666312500000000000e+03,5.631687500000000000e+03,5.631812500000000000e+03
2.484357847533632313e+00,5.644500000000000000e+03,5.611312500000000000e+03,5.571687500000000000e+03,5.566187500000000000e+03
2.481575811870101234e+00,5.656187500000000000e+03,5.622812500000000000e+03,5.594687500000000000e+03,5.586000000000000000e+03
2.478800000000000114e+00,5.669937500000000000e+03,5.635625000000000000e+03,5.620062500000000000e+03,5.619437500000000000e+03
